1364 1850
0 464 1
1 465 1
2 466 1
3 467 1
4 468 1
5 468 1
6 468 1
7 469 1
8 469 1
9 470 1
10 471 1
11 471 1
12 472 1
13 473 1
14 474 1
15 475 1
16 476 1
17 476 1
18 476 1
19 476 1
20 476 1
21 477 1
22 478 1
23 478 1
24 479 1
25 479 1
26 480 1
27 481 1
28 482 1
29 483 1
30 484 1
31 485 1
32 486 1
33 487 1
34 488 1
9 488 1
35 489 1
36 489 1
37 489 1
38 489 1
39 489 1
40 489 1
41 489 1
42 489 1
43 489 1
44 490 1
45 491 1
46 492 1
47 493 1
48 494 1
49 494 1
50 494 1
51 495 1
52 495 1
53 496 1
37 496 1
54 497 1
48 497 1
55 498 1
56 499 1
57 499 1
58 499 1
59 500 1
60 500 1
61 500 1
62 500 1
63 500 1
64 501 1
65 502 1
66 502 1
67 503 1
68 504 1
69 505 1
70 506 1
2 506 1
71 506 1
72 506 1
73 506 1
74 506 1
75 507 1
15 508 1
11 508 1
76 509 1
77 510 1
78 510 1
79 511 1
71 511 1
80 511 1
81 512 1
40 513 1
82 514 1
62 515 1
83 516 1
84 517 1
85 518 1
86 518 1
87 518 1
88 519 1
23 520 1
89 521 1
75 522 1
90 523 1
91 524 1
92 525 1
93 526 1
94 527 1
95 528 1
33 529 1
96 530 1
69 531 1
97 532 1
98 533 1
99 534 1
53 535 1
100 536 1
84 537 1
101 538 1
102 539 1
103 539 1
104 539 1
22 540 1
67 541 1
9 541 1
3 542 1
105 543 1
106 543 1
107 544 1
108 544 1
109 544 1
110 544 1
111 544 1
79 545 1
112 545 1
74 545 1
113 546 1
114 546 1
115 546 1
116 547 1
15 548 1
12 548 1
117 549 1
44 550 1
118 550 1
96 551 1
119 551 1
120 551 1
121 551 1
122 551 1
123 552 1
124 552 1
0 553 1
125 553 1
32 554 1
46 555 1
126 556 1
94 556 1
12 556 1
127 556 1
128 557 1
129 558 1
130 559 1
22 559 1
131 559 1
132 560 1
25 560 1
133 561 1
134 562 1
13 562 1
135 562 1
136 562 1
137 563 1
138 563 1
139 564 1
41 565 1
77 566 1
86 566 1
119 566 1
140 566 1
141 566 1
142 567 1
122 568 1
143 569 1
144 569 1
145 569 1
146 570 1
147 571 1
148 572 1
107 573 1
149 573 1
150 574 1
38 575 1
151 576 1
141 576 1
152 577 1
93 577 1
97 577 1
153 577 1
98 577 1
60 577 1
114 577 1
154 578 1
2 578 1
64 578 1
86 579 1
16 580 1
155 580 1
21 581 1
156 581 1
157 582 1
158 582 1
159 582 1
6 582 1
160 582 1
133 582 1
46 583 1
117 583 1
161 583 1
162 583 1
135 583 1
163 583 1
11 583 1
56 583 1
17 583 1
54 583 1
22 583 1
45 583 1
120 583 1
3 583 1
164 583 1
145 583 1
74 583 1
165 583 1
166 583 1
92 584 1
15 585 1
167 586 1
168 587 1
34 588 1
162 588 1
169 589 1
170 590 1
171 591 1
44 592 1
172 592 1
48 593 1
173 593 1
145 593 1
131 593 1
157 594 1
158 594 1
174 594 1
52 595 1
175 595 1
22 595 1
176 595 1
113 595 1
114 595 1
137 596 1
177 596 1
178 596 1
98 596 1
60 596 1
179 596 1
80 597 1
106 597 1
167 598 1
68 599 1
75 600 1
106 601 1
3 602 1
180 603 1
181 604 1
107 604 1
79 604 1
182 604 1
183 604 1
184 604 1
185 604 1
77 604 1
50 604 1
15 604 1
96 604 1
71 604 1
186 604 1
135 604 1
187 604 1
72 604 1
188 604 1
94 604 1
80 604 1
189 604 1
190 604 1
175 604 1
191 604 1
5 604 1
7 604 1
172 604 1
22 604 1
192 604 1
193 604 1
194 604 1
195 604 1
124 604 1
196 604 1
88 604 1
197 604 1
145 604 1
198 604 1
122 604 1
199 604 1
107 605 1
200 605 1
201 605 1
202 605 1
30 605 1
195 606 1
93 607 1
200 608 1
75 609 1
56 610 1
203 611 1
204 611 1
205 612 1
206 613 1
207 613 1
106 613 1
208 614 1
209 614 1
41 614 1
210 615 1
62 615 1
211 616 1
24 616 1
71 616 1
212 616 1
213 616 1
192 616 1
150 616 1
195 616 1
214 617 1
157 617 1
215 617 1
186 617 1
97 617 1
119 617 1
191 617 1
170 617 1
76 617 1
114 617 1
216 617 1
217 617 1
196 617 1
122 617 1
28 617 1
218 618 1
186 619 1
105 619 1
219 619 1
220 619 1
76 619 1
221 619 1
212 620 1
222 621 1
223 622 1
159 623 1
224 623 1
225 623 1
226 623 1
227 624 1
18 625 1
15 625 1
39 625 1
1 626 1
111 627 1
8 628 1
228 629 1
126 630 1
203 630 1
68 630 1
31 630 1
48 631 1
52 631 1
229 631 1
34 632 1
230 632 1
96 632 1
81 632 1
52 632 1
66 632 1
231 632 1
190 632 1
2 632 1
192 632 1
150 632 1
114 632 1
195 632 1
144 632 1
64 632 1
92 632 1
232 633 1
113 634 1
233 635 1
162 636 1
26 636 1
213 636 1
109 636 1
151 636 1
113 636 1
234 636 1
235 637 1
53 637 1
0 637 1
57 638 1
26 638 1
236 638 1
237 638 1
106 638 1
23 639 1
238 640 1
54 640 1
139 641 1
133 642 1
18 643 1
239 643 1
222 643 1
240 644 1
129 645 1
72 646 1
241 646 1
242 646 1
13 647 1
243 648 1
181 649 1
111 650 1
244 651 1
137 652 1
245 652 1
178 653 1
42 653 1
95 654 1
186 655 1
44 655 1
246 655 1
247 655 1
248 655 1
249 655 1
39 655 1
74 655 1
196 656 1
180 657 1
250 657 1
251 658 1
252 659 1
107 660 1
253 661 1
142 662 1
132 663 1
254 663 1
82 664 1
92 665 1
204 665 1
16 666 1
255 666 1
167 667 1
196 667 1
225 668 1
256 669 1
107 669 1
134 669 1
149 669 1
184 669 1
257 669 1
258 669 1
259 669 1
260 669 1
261 669 1
262 669 1
263 669 1
264 669 1
265 669 1
266 669 1
112 669 1
210 669 1
267 669 1
232 669 1
268 669 1
228 669 1
186 669 1
269 669 1
270 669 1
271 669 1
97 669 1
272 669 1
273 669 1
274 669 1
275 669 1
276 669 1
277 669 1
278 669 1
279 669 1
280 669 1
281 669 1
235 669 1
282 669 1
108 669 1
283 669 1
284 669 1
285 669 1
10 669 1
246 669 1
255 669 1
189 669 1
109 669 1
110 669 1
130 669 1
249 669 1
286 669 1
5 669 1
287 669 1
288 669 1
148 669 1
289 669 1
0 669 1
290 669 1
104 669 1
291 669 1
193 669 1
292 669 1
293 669 1
294 669 1
253 669 1
150 669 1
295 669 1
296 669 1
297 669 1
51 669 1
216 669 1
234 669 1
298 669 1
299 669 1
300 669 1
88 669 1
125 669 1
121 669 1
166 669 1
28 669 1
179 669 1
301 669 1
52 670 1
9 671 1
37 672 1
302 673 1
222 674 1
149 675 1
173 675 1
303 676 1
67 676 1
42 676 1
174 677 1
266 678 1
2 678 1
144 679 1
184 680 1
38 681 1
304 682 1
82 682 1
211 683 1
172 683 1
226 683 1
93 684 1
304 685 1
186 685 1
76 685 1
121 685 1
305 685 1
204 685 1
184 686 1
191 686 1
306 686 1
109 687 1
2 688 1
307 688 1
308 689 1
23 690 1
309 691 1
146 691 1
107 692 1
86 692 1
17 692 1
310 693 1
80 693 1
94 694 1
311 695 1
58 695 1
2 696 1
226 696 1
7 697 1
259 698 1
306 698 1
132 699 1
67 700 1
291 701 1
312 702 1
159 702 1
67 702 1
129 702 1
42 702 1
94 702 1
62 702 1
119 702 1
10 702 1
130 702 1
175 702 1
22 702 1
170 702 1
198 702 1
313 703 1
272 703 1
56 703 1
213 704 1
190 704 1
194 704 1
25 704 1
169 705 1
114 705 1
132 706 1
69 707 1
235 708 1
314 708 1
315 708 1
316 708 1
75 709 1
146 709 1
316 710 1
261 711 1
206 711 1
1 712 1
157 712 1
77 712 1
317 712 1
59 712 1
113 712 1
78 712 1
28 712 1
67 713 1
318 714 1
319 714 1
144 714 1
125 714 1
29 714 1
1 715 1
320 715 1
321 716 1
66 716 1
316 716 1
322 716 1
323 716 1
132 717 1
313 717 1
266 717 1
93 717 1
170 717 1
25 717 1
41 717 1
251 717 1
20 718 1
324 718 1
23 719 1
325 719 1
119 720 1
326 721 1
327 721 1
57 722 1
328 723 1
222 723 1
25 723 1
68 724 1
82 725 1
195 726 1
219 727 1
249 728 1
70 729 1
185 730 1
329 731 1
211 732 1
330 733 1
331 734 1
107 735 1
332 735 1
255 735 1
333 735 1
148 736 1
53 737 1
48 738 1
211 739 1
156 739 1
334 739 1
69 740 1
214 740 1
126 741 1
203 741 1
30 741 1
335 742 1
237 743 1
289 744 1
127 745 1
332 746 1
47 746 1
117 747 1
126 747 1
227 747 1
20 747 1
62 747 1
84 747 1
336 747 1
9 748 1
218 748 1
123 749 1
204 750 1
224 751 1
32 752 1
337 753 1
130 754 1
25 755 1
9 756 1
291 756 1
145 756 1
338 757 1
229 757 1
203 758 1
68 758 1
116 758 1
311 758 1
164 759 1
126 760 1
57 760 1
21 760 1
168 761 1
29 762 1
339 763 1
21 764 1
340 765 1
280 765 1
173 765 1
341 765 1
134 766 1
338 767 1
342 768 1
136 769 1
15 770 1
343 771 1
158 772 1
239 772 1
20 772 1
202 772 1
89 772 1
204 772 1
344 772 1
116 773 1
129 774 1
117 775 1
345 775 1
338 775 1
346 775 1
21 775 1
214 776 1
151 776 1
347 777 1
348 778 1
109 778 1
349 779 1
350 780 1
351 781 1
84 782 1
29 782 1
352 783 1
174 783 1
325 784 1
129 785 1
137 786 1
7 787 1
89 788 1
200 789 1
159 790 1
169 791 1
138 792 1
255 793 1
107 794 1
109 794 1
251 795 1
353 796 1
354 797 1
355 797 1
148 798 1
312 799 1
356 799 1
58 800 1
148 800 1
327 800 1
111 801 1
351 801 1
97 802 1
350 803 1
90 804 1
357 804 1
358 805 1
90 805 1
337 806 1
208 807 1
308 808 1
25 809 1
359 810 1
23 811 1
110 812 1
67 813 1
251 814 1
201 815 1
360 816 1
361 817 1
97 817 1
11 817 1
7 817 1
95 817 1
92 818 1
58 819 1
90 820 1
185 821 1
362 821 1
198 821 1
122 821 1
280 822 1
148 822 1
84 822 1
19 823 1
141 824 1
147 825 1
199 826 1
363 827 1
120 828 1
309 829 1
69 830 1
67 830 1
166 831 1
212 832 1
166 832 1
226 833 1
92 833 1
135 834 1
51 835 1
13 836 1
194 836 1
100 837 1
79 838 1
364 838 1
75 838 1
207 838 1
361 838 1
106 838 1
365 838 1
133 839 1
290 840 1
6 841 1
205 842 1
191 843 1
198 844 1
68 845 1
146 846 1
180 847 1
365 847 1
204 848 1
363 849 1
187 850 1
132 851 1
124 851 1
366 852 1
180 853 1
304 854 1
108 855 1
44 855 1
293 856 1
52 857 1
27 858 1
96 858 1
130 858 1
24 859 1
186 860 1
242 860 1
211 861 1
258 862 1
192 863 1
62 864 1
309 864 1
356 864 1
53 865 1
0 865 1
253 866 1
367 867 1
27 868 1
96 868 1
44 868 1
325 868 1
81 869 1
368 870 1
41 871 1
284 872 1
369 873 1
317 874 1
370 875 1
339 875 1
319 876 1
34 877 1
325 877 1
354 878 1
371 879 1
42 880 1
299 881 1
2 882 1
203 883 1
135 883 1
372 883 1
181 884 1
123 884 1
180 885 1
113 885 1
49 885 1
333 885 1
346 886 1
124 886 1
340 887 1
324 887 1
225 888 1
204 889 1
96 890 1
20 890 1
373 890 1
62 891 1
133 892 1
1 893 1
374 893 1
375 893 1
340 893 1
213 893 1
138 893 1
5 893 1
356 893 1
142 894 1
56 895 1
266 896 1
95 896 1
351 896 1
185 897 1
204 897 1
376 898 1
210 899 1
89 900 1
51 901 1
45 902 1
253 902 1
68 903 1
205 904 1
89 905 1
39 906 1
44 907 1
188 908 1
175 908 1
197 908 1
23 909 1
52 909 1
24 910 1
223 911 1
29 912 1
169 913 1
143 914 1
147 915 1
119 916 1
45 917 1
86 918 1
109 919 1
261 920 1
377 921 1
93 922 1
86 923 1
103 924 1
103 925 1
180 926 1
88 926 1
364 927 1
138 927 1
319 928 1
378 929 1
379 930 1
196 931 1
205 932 1
0 933 1
279 934 1
106 935 1
11 936 1
127 937 1
16 938 1
208 939 1
380 939 1
233 939 1
202 940 1
130 941 1
205 942 1
361 942 1
254 942 1
74 942 1
346 943 1
254 944 1
370 945 1
172 946 1
136 947 1
88 947 1
381 948 1
77 949 1
3 950 1
281 951 1
382 952 1
383 952 1
71 952 1
316 952 1
150 952 1
313 953 1
164 954 1
142 955 1
11 956 1
123 957 1
54 958 1
16 959 1
132 959 1
384 959 1
309 959 1
113 959 1
385 960 1
386 961 1
369 962 1
231 963 1
143 963 1
129 964 1
37 965 1
224 966 1
97 966 1
387 967 1
196 968 1
66 969 1
137 970 1
312 970 1
227 970 1
388 970 1
353 970 1
42 970 1
319 970 1
213 970 1
98 970 1
170 970 1
336 970 1
389 970 1
179 970 1
215 971 1
184 972 1
308 972 1
390 973 1
223 974 1
254 975 1
251 975 1
0 976 1
79 977 1
72 977 1
391 978 1
361 979 1
317 980 1
211 981 1
50 981 1
392 981 1
393 981 1
219 981 1
172 981 1
211 982 1
392 982 1
219 982 1
289 982 1
172 982 1
394 983 1
147 984 1
5 984 1
153 985 1
350 986 1
353 986 1
207 986 1
141 986 1
185 987 1
24 988 1
31 989 1
365 989 1
145 989 1
366 990 1
38 991 1
224 992 1
395 993 1
309 994 1
199 995 1
205 996 1
138 997 1
325 997 1
197 998 1
396 999 1
345 999 1
313 999 1
277 999 1
122 1000 1
146 1001 1
397 1002 1
398 1002 1
399 1002 1
116 1002 1
400 1002 1
129 1002 1
207 1002 1
272 1002 1
346 1002 1
106 1002 1
401 1002 1
111 1002 1
156 1002 1
29 1002 1
301 1002 1
284 1003 1
396 1004 1
69 1004 1
370 1004 1
120 1004 1
402 1004 1
199 1004 1
339 1005 1
69 1006 1
164 1007 1
242 1008 1
32 1009 1
336 1010 1
319 1011 1
206 1012 1
98 1012 1
129 1013 1
194 1014 1
195 1014 1
403 1014 1
156 1014 1
124 1015 1
200 1016 1
403 1016 1
56 1017 1
371 1018 1
38 1018 1
52 1018 1
386 1019 1
43 1019 1
174 1019 1
185 1020 1
369 1021 1
51 1022 1
304 1023 1
177 1024 1
90 1024 1
404 1025 1
89 1026 1
405 1027 1
373 1027 1
79 1028 1
24 1028 1
71 1028 1
188 1028 1
194 1028 1
195 1028 1
74 1028 1
77 1029 1
178 1030 1
62 1031 1
371 1032 1
188 1032 1
148 1032 1
114 1032 1
51 1032 1
57 1033 1
54 1033 1
158 1034 1
224 1034 1
56 1034 1
146 1034 1
177 1035 1
29 1035 1
406 1036 1
309 1037 1
76 1037 1
3 1037 1
198 1037 1
364 1038 1
51 1038 1
75 1039 1
57 1040 1
206 1040 1
293 1040 1
336 1040 1
356 1040 1
251 1040 1
162 1041 1
407 1041 1
187 1042 1
54 1042 1
330 1043 1
108 1043 1
408 1044 1
156 1045 1
53 1046 1
151 1046 1
338 1047 1
276 1047 1
76 1048 1
249 1049 1
265 1050 1
405 1051 1
188 1051 1
64 1051 1
336 1051 1
71 1052 1
106 1052 1
213 1053 1
70 1054 1
147 1055 1
1 1055 1
42 1055 1
293 1055 1
97 1056 1
409 1057 1
222 1057 1
410 1058 1
165 1059 1
304 1060 1
321 1061 1
135 1061 1
52 1061 1
56 1061 1
173 1061 1
2 1061 1
411 1061 1
76 1061 1
197 1061 1
122 1061 1
206 1062 1
90 1062 1
62 1062 1
380 1062 1
336 1062 1
163 1063 1
387 1064 1
290 1065 1
75 1066 1
225 1067 1
73 1068 1
123 1069 1
389 1069 1
123 1070 1
7 1071 1
339 1071 1
210 1072 1
412 1072 1
42 1073 1
42 1074 1
226 1075 1
272 1076 1
413 1077 1
89 1078 1
406 1079 1
10 1080 1
252 1081 1
159 1082 1
394 1082 1
225 1083 1
324 1084 1
93 1085 1
188 1085 1
272 1085 1
123 1085 1
346 1085 1
225 1085 1
414 1085 1
199 1086 1
415 1087 1
214 1087 1
338 1087 1
330 1087 1
208 1087 1
409 1087 1
416 1087 1
96 1087 1
413 1087 1
206 1087 1
186 1087 1
270 1087 1
20 1087 1
123 1087 1
346 1087 1
417 1087 1
200 1087 1
163 1087 1
11 1087 1
284 1087 1
285 1087 1
10 1087 1
246 1087 1
376 1087 1
286 1087 1
140 1087 1
168 1087 1
316 1087 1
151 1087 1
45 1087 1
245 1087 1
21 1087 1
127 1087 1
250 1087 1
320 1087 1
30 1087 1
217 1087 1
88 1087 1
74 1087 1
122 1087 1
418 1087 1
221 1087 1
69 1087 1
117 1087 1
126 1087 1
203 1087 1
350 1087 1
419 1087 1
68 1087 1
345 1087 1
386 1087 1
57 1087 1
420 1087 1
18 1087 1
312 1087 1
363 1087 1
259 1087 1
260 1087 1
157 1087 1
421 1087 1
311 1087 1
304 1087 1
103 1087 1
26 1087 1
272 1087 1
212 1087 1
53 1087 1
422 1087 1
414 1087 1
133 1087 1
70 1087 1
0 1087 1
339 1087 1
302 1087 1
100 1087 1
423 1087 1
76 1087 1
424 1087 1
322 1087 1
115 1087 1
234 1087 1
111 1087 1
121 1087 1
336 1087 1
425 1087 1
426 1087 1
165 1087 1
301 1087 1
174 1087 1
38 1088 1
25 1089 1
208 1090 1
339 1091 1
423 1092 1
45 1093 1
64 1094 1
185 1095 1
427 1095 1
5 1095 1
389 1096 1
225 1097 1
131 1098 1
330 1099 1
15 1099 1
186 1099 1
187 1099 1
119 1099 1
225 1099 1
56 1099 1
173 1099 1
95 1099 1
146 1099 1
43 1099 1
28 1099 1
135 1099 1
248 1099 1
31 1099 1
339 1099 1
428 1099 1
124 1099 1
225 1100 1
84 1100 1
153 1101 1
272 1101 1
237 1101 1
192 1102 1
312 1102 1
375 1103 1
18 1104 1
214 1105 1
429 1105 1
313 1106 1
213 1107 1
55 1108 1
422 1109 1
115 1110 1
49 1111 1
10 1112 1
138 1112 1
117 1113 1
115 1114 1
10 1115 1
291 1116 1
124 1116 1
369 1116 1
0 1117 1
90 1118 1
242 1119 1
251 1120 1
311 1120 1
31 1121 1
112 1122 1
105 1122 1
417 1122 1
163 1122 1
430 1122 1
337 1122 1
307 1122 1
161 1122 1
230 1122 1
77 1122 1
405 1122 1
61 1122 1
431 1122 1
86 1123 1
146 1124 1
68 1124 1
312 1124 1
60 1124 1
336 1124 1
394 1125 1
313 1126 1
177 1127 1
214 1127 1
224 1128 1
272 1128 1
301 1128 1
254 1129 1
323 1130 1
75 1131 1
24 1132 1
340 1133 1
365 1134 1
432 1135 1
433 1135 1
303 1136 1
317 1136 1
200 1137 1
227 1138 1
135 1138 1
291 1139 1
434 1140 1
142 1140 1
271 1141 1
59 1141 1
208 1142 1
30 1142 1
117 1142 1
203 1142 1
363 1142 1
435 1142 1
111 1142 1
291 1143 1
177 1144 1
205 1145 1
7 1146 1
204 1147 1
79 1148 1
138 1148 1
54 1149 1
436 1150 1
437 1151 1
0 1151 1
108 1152 1
51 1152 1
351 1152 1
26 1152 1
76 1152 1
44 1153 1
149 1153 1
383 1153 1
170 1153 1
438 1153 1
73 1153 1
251 1154 1
94 1155 1
113 1155 1
393 1156 1
211 1157 1
86 1157 1
97 1157 1
140 1157 1
290 1157 1
143 1157 1
226 1157 1
242 1157 1
81 1157 1
121 1157 1
140 1158 1
197 1158 1
346 1159 1
24 1159 1
31 1159 1
337 1160 1
439 1161 1
205 1162 1
440 1163 1
293 1164 1
79 1165 1
215 1165 1
119 1165 1
161 1165 1
210 1165 1
50 1165 1
3 1165 1
45 1166 1
330 1167 1
64 1168 1
225 1169 1
140 1170 1
69 1170 1
441 1170 1
220 1170 1
169 1171 1
442 1172 1
383 1172 1
126 1173 1
443 1173 1
185 1174 1
405 1174 1
20 1175 1
444 1175 1
338 1176 1
200 1176 1
51 1177 1
325 1177 1
361 1178 1
441 1178 1
70 1178 1
333 1178 1
325 1178 1
39 1179 1
10 1180 1
293 1181 1
45 1182 1
178 1183 1
350 1183 1
236 1184 1
305 1184 1
365 1185 1
31 1185 1
301 1185 1
331 1186 1
197 1187 1
242 1188 1
86 1189 1
325 1190 1
445 1191 1
437 1192 1
422 1192 1
178 1193 1
90 1194 1
180 1195 1
337 1196 1
442 1197 1
130 1198 1
100 1199 1
21 1200 1
242 1201 1
60 1202 1
278 1203 1
137 1204 1
177 1204 1
103 1204 1
319 1204 1
53 1205 1
64 1206 1
82 1207 1
135 1207 1
138 1208 1
188 1208 1
135 1209 1
336 1210 1
203 1211 1
422 1211 1
216 1212 1
203 1212 1
68 1212 1
400 1213 1
122 1214 1
198 1214 1
446 1215 1
293 1215 1
180 1216 1
239 1217 1
9 1218 1
447 1219 1
74 1219 1
312 1219 1
170 1219 1
301 1220 1
352 1221 1
123 1221 1
47 1221 1
448 1222 1
191 1223 1
151 1224 1
365 1225 1
131 1225 1
175 1225 1
70 1225 1
198 1225 1
308 1226 1
97 1227 1
117 1228 1
198 1228 1
358 1229 1
82 1230 1
439 1231 1
47 1231 1
382 1232 1
425 1232 1
89 1233 1
129 1234 1
190 1235 1
188 1236 1
96 1237 1
92 1237 1
448 1238 1
243 1238 1
148 1238 1
377 1238 1
212 1239 1
162 1240 1
8 1240 1
62 1240 1
449 1240 1
450 1241 1
254 1242 1
142 1243 1
151 1244 1
345 1245 1
317 1245 1
24 1246 1
243 1246 1
113 1247 1
165 1248 1
231 1249 1
2 1250 1
201 1251 1
50 1252 1
451 1253 1
212 1253 1
162 1254 1
379 1254 1
140 1255 1
371 1255 1
438 1256 1
74 1257 1
452 1258 1
226 1259 1
281 1260 1
201 1260 1
151 1260 1
88 1260 1
94 1261 1
342 1261 1
430 1261 1
145 1261 1
43 1261 1
126 1261 1
453 1261 1
454 1261 1
455 1261 1
332 1262 1
147 1263 1
316 1264 1
312 1265 1
111 1266 1
222 1267 1
64 1268 1
196 1268 1
28 1269 1
239 1270 1
456 1271 1
129 1271 1
383 1272 1
215 1273 1
457 1274 1
392 1274 1
90 1274 1
147 1275 1
197 1276 1
29 1277 1
81 1277 1
57 1278 1
192 1279 1
16 1280 1
222 1280 1
280 1280 1
133 1281 1
458 1282 1
187 1283 1
237 1283 1
203 1284 1
57 1285 1
426 1285 1
122 1286 1
214 1287 1
162 1288 1
375 1289 1
448 1289 1
448 1290 1
76 1291 1
199 1292 1
459 1293 1
89 1294 1
114 1295 1
222 1296 1
377 1297 1
363 1298 1
140 1299 1
154 1299 1
3 1299 1
53 1300 1
95 1301 1
320 1302 1
119 1303 1
21 1304 1
85 1305 1
151 1305 1
197 1306 1
224 1307 1
251 1307 1
32 1308 1
127 1309 1
5 1309 1
223 1309 1
460 1309 1
370 1310 1
361 1311 1
158 1312 1
163 1313 1
270 1314 1
66 1315 1
188 1316 1
404 1317 1
177 1318 1
269 1319 1
165 1320 1
351 1321 1
449 1322 1
204 1323 1
120 1323 1
200 1324 1
242 1324 1
214 1325 1
313 1326 1
23 1326 1
6 1327 1
461 1328 1
337 1328 1
350 1328 1
200 1329 1
137 1330 1
450 1331 1
214 1331 1
75 1331 1
83 1331 1
192 1332 1
31 1332 1
92 1333 1
269 1334 1
369 1335 1
116 1336 1
462 1337 1
137 1338 1
372 1338 1
315 1338 1
26 1338 1
440 1339 1
339 1339 1
151 1340 1
18 1341 1
46 1342 1
133 1342 1
347 1343 1
163 1343 1
365 1343 1
312 1343 1
206 1344 1
336 1344 1
143 1345 1
463 1345 1
447 1346 1
166 1346 1
446 1347 1
206 1347 1
108 1348 1
24 1348 1
247 1348 1
459 1349 1
430 1350 1
84 1351 1
138 1352 1
332 1353 1
353 1354 1
173 1355 1
424 1355 1
226 1356 1
226 1357 1
52 1358 1
172 1358 1
192 1358 1
37 1358 1
428 1358 1
145 1359 1
370 1360 1
375 1361 1
15 1362 1
186 1362 1
45 1362 1
192 1363 1
