10
10 21
10 21 54
10 21 31 54
10 13 21 54 61
10 13 21 54 61 63
10 13 21 31 54 61 63
10 13 21 31 54 61 63 129
3 10 13 21 31 54 61 63 129
3 5 10 13 21 31 54 61 63 129
3 5 10 13 21 31 47 54 61 63 129
3 5 10 13 21 31 44 47 54 61 63 129
3 5 10 13 21 31 47 52 54 57 61 63 129
3 5 10 13 21 31 35 47 52 54 61 62 63 129
3 5 10 13 21 31 35 44 47 54 57 61 62 63 129
3 5 10 13 17 21 31 44 47 52 54 57 61 62 63 129
3 5 10 13 17 21 31 44 47 52 54 57 61 62 63 103 129
3 5 10 13 17 21 31 35 44 47 52 54 57 61 62 63 103 129
3 5 10 13 17 21 31 34 35 44 47 52 54 57 61 62 63 95 129
3 5 8 10 13 17 21 31 34 35 44 47 52 54 57 61 62 63 95 129
3 5 8 10 13 17 21 31 34 35 44 47 52 54 57 61 62 63 95 103 129
3 5 10 11 13 16 17 21 31 34 35 44 47 52 54 57 61 62 63 95 103 129
3 5 8 10 11 13 16 17 21 31 34 35 44 47 52 54 57 61 62 63 95 103 129
3 5 8 10 11 13 16 17 19 21 31 34 35 44 47 52 54 57 61 62 63 95 103 129
3 5 8 10 11 13 16 17 19 21 31 34 35 44 47 48 52 54 57 61 62 63 95 103 129
3 5 8 10 11 13 16 17 19 21 31 34 35 44 47 48 52 54 57 61 62 63 82 95 103 129
3 5 8 10 11 13 16 17 19 21 31 34 35 44 47 48 52 54 57 61 62 63 82 95 103 129 137
3 5 8 10 11 13 16 17 19 21 31 34 35 44 47 48 52 54 57 61 62 63 74 78 82 95 103 129
3 5 8 10 11 13 16 17 19 21 31 34 35 44 47 48 52 54 57 61 62 63 78 82 87 95 103 129 137
3 5 8 10 11 13 16 17 19 21 31 34 35 44 47 48 52 54 57 61 62 63 78 82 87 95 103 129 133 137
10
10 54
10 21 54
10 21 31 54
10 21 31 54 63
10 13 21 31 54 63
10 13 21 31 54 61 63
10 13 21 31 54 61 63 129
3 10 13 21 31 54 61 63 129
3 5 10 13 21 31 54 61 63 129
3 5 10 13 21 31 47 54 61 63 129
3 5 10 13 21 31 47 52 54 61 63 129
3 5 10 13 21 31 47 52 54 57 61 63 129
3 5 10 13 17 21 31 47 52 54 57 61 63 129
3 5 10 13 17 21 31 44 47 52 54 57 61 63 129
3 5 10 13 21 31 35 44 47 52 54 57 61 62 63 129
3 5 10 13 17 21 31 35 44 47 52 54 57 61 62 63 129
3 5 10 13 17 21 31 35 44 47 52 54 57 61 62 63 95 129
3 5 10 13 17 21 31 34 35 44 47 52 54 57 61 62 63 95 129
3 5 8 10 13 17 21 31 34 35 44 47 52 54 57 61 62 63 95 129
3 5 10 13 16 17 21 31 34 35 44 47 52 54 57 61 62 63 95 103 129
3 5 8 10 11 13 17 21 31 34 35 44 47 52 54 57 61 62 63 95 103 129
3 5 8 10 11 13 16 17 21 31 34 35 44 47 52 54 57 61 62 63 95 103 129
3 5 8 10 11 13 16 17 19 21 31 34 35 44 47 52 54 57 61 62 63 95 103 129
3 5 8 10 11 13 16 17 21 31 34 35 44 47 48 52 54 57 61 62 63 82 95 103 129
3 5 8 10 11 13 16 17 19 21 31 34 35 44 47 48 52 54 57 61 62 63 82 95 103 129
3 5 8 10 11 13 16 17 19 21 31 34 35 44 47 48 52 54 57 61 62 63 78 82 95 103 129
3 5 8 10 11 13 16 17 19 21 31 34 35 44 47 48 52 54 57 61 62 63 78 82 87 95 103 129
3 5 8 10 11 13 16 17 19 21 31 34 35 44 47 48 52 54 57 61 62 63 78 82 87 95 103 129 137
3 5 8 10 11 13 16 17 19 21 31 34 35 44 47 48 52 54 57 61 62 63 78 82 87 95 103 129 133 137
