12071 6040
6025 6031 1
6020 6050 1
6006 6093 1
6026 6110 1
6025 6116 1
5991 6180 1
5990 6200 1
5841 6207 1
5785 6246 1
6006 6270 1
6025 6381 1
5906 6405 1
5990 6411 1
5944 6435 1
6015 6440 1
6006 6475 1
5981 6485 1
5954 6530 1
6006 6598 1
5997 6641 1
6025 6643 1
6013 6648 1
5526 6704 1
6026 6756 1
5965 6240 1
6026 6774 1
5802 6849 1
5933 6859 1
6026 6871 1
5707 6502 1
6025 6888 1
6030 6730 1
97 6907 1
6027 6620 1
5945 6981 1
6030 6245 1
5172 7050 1
5559 7055 1
6026 6117 1
5868 7072 1
5944 6124 1
6025 6211 1
5950 7107 1
5968 6573 1
6015 7133 1
5936 7168 1
6027 6392 1
6015 6183 1
4971 7239 1
6009 6395 1
213 7248 1
6006 7253 1
4850 7262 1
5449 7349 1
5988 7352 1
5548 7356 1
5964 7357 1
5985 7178 1
6011 7386 1
5990 6738 1
5814 7410 1
6025 7415 1
5954 7476 1
5837 6822 1
5878 6691 1
5770 7098 1
83 7490 1
5802 7495 1
6000 7500 1
6013 6467 1
5997 7506 1
5883 7507 1
5864 6226 1
5802 6829 1
2659 7523 1
5676 6741 1
5290 7546 1
5785 7470 1
5951 7559 1
6030 7562 1
6006 7566 1
5976 7471 1
5323 7578 1
5712 7557 1
5991 7581 1
6026 6586 1
5595 7584 1
5954 7587 1
5785 7589 1
5543 7590 1
414 7606 1
6025 7067 1
5814 7640 1
5906 7649 1
5997 6590 1
5458 7657 1
5782 7660 1
442 7672 1
5330 7673 1
5765 7294 1
5935 7681 1
5878 7684 1
421 7690 1
5944 6398 1
6015 7353 1
3720 7698 1
5990 7125 1
4639 7708 1
119 7712 1
6025 6205 1
6022 6953 1
5947 7654 1
5418 7719 1
5999 7722 1
213 7728 1
5878 7730 1
4760 7736 1
5801 7772 1
5802 7778 1
506 7785 1
5880 7786 1
5905 7789 1
5777 7300 1
5103 7827 1
6026 7828 1
5104 7301 1
472 7836 1
4784 7847 1
5529 7850 1
560 7858 1
5483 7861 1
5871 7881 1
4473 7883 1
358 7891 1
5785 7896 1
252 7899 1
5551 7913 1
506 7916 1
1 7919 1
6015 7926 1
6007 7599 1
599 7930 1
9 7932 1
5883 6860 1
6013 7259 1
5351 7536 1
5868 7871 1
5323 7304 1
5302 7989 1
6030 6129 1
6015 7113 1
5868 8034 1
6025 7205 1
6006 6914 1
5670 6984 1
5868 7552 1
5962 8027 1
5981 7408 1
5944 7872 1
6026 7311 1
6006 7207 1
6016 6713 1
5914 6220 1
5912 7020 1
6001 6082 1
5954 7481 1
676 8118 1
5986 8121 1
5823 7970 1
6018 7956 1
5886 8014 1
6026 7021 1
6009 6665 1
5778 8172 1
5782 8112 1
5938 8178 1
5944 8179 1
4998 7022 1
6015 8181 1
5814 7516 1
5944 8185 1
5520 8015 1
5665 8193 1
5906 7319 1
6001 7517 1
6025 8201 1
6026 8204 1
6015 8237 1
5847 8238 1
6026 8240 1
5240 8242 1
656 8243 1
5945 8063 1
5831 8053 1
5886 8262 1
6020 6722 1
5101 8302 1
6026 6723 1
6006 6195 1
774 8325 1
4155 8327 1
4540 6174 1
5945 6375 1
6013 8251 1
5964 8346 1
4917 8349 1
6015 8351 1
6000 6701 1
5870 8051 1
5821 8352 1
5802 8355 1
66 8357 1
6030 7918 1
5917 8359 1
5734 7056 1
5905 6382 1
5844 7624 1
5802 8313 1
5679 8392 1
5997 8393 1
826 8394 1
5988 8252 1
6005 6488 1
5962 7306 1
5986 7444 1
465 8422 1
6013 7969 1
5954 8424 1
5990 6130 1
5993 6219 1
6025 6659 1
6030 7503 1
5964 7019 1
5947 6783 1
6027 6490 1
6015 6784 1
6009 7139 1
5839 7537 1
5986 7208 1
5029 8356 1
5032 8288 1
5753 7314 1
4529 8460 1
321 8461 1
4263 8462 1
6004 7354 1
6030 6492 1
5883 6296 1
5939 7315 1
5410 8475 1
5384 8476 1
6006 6789 1
5995 6302 1
5785 7715 1
4375 8480 1
6025 7628 1
5841 6452 1
5944 7077 1
5951 8483 1
6030 6046 1
6026 6558 1
6006 8200 1
5255 8490 1
177 8491 1
5997 7321 1
5951 6193 1
5827 6792 1
5090 7609 1
6026 7322 1
5673 8501 1
5802 8505 1
6026 7324 1
6015 8336 1
5751 8512 1
5962 8513 1
5878 7219 1
5966 7493 1
5886 8515 1
5323 7454 1
6025 7221 1
6026 7326 1
6029 8544 1
5611 8545 1
283 8546 1
828 8556 1
973 8558 1
4263 7154 1
6008 6569 1
6015 8029 1
5991 7843 1
5909 8562 1
6023 6059 1
6026 6506 1
5589 7855 1
4445 8321 1
6030 6212 1
5739 8577 1
5765 7556 1
5936 8016 1
6030 6251 1
5796 8584 1
5749 6544 1
6013 7206 1
5658 8599 1
5938 8498 1
6025 8002 1
5944 8286 1
6026 8003 1
5628 8615 1
5228 8616 1
320 8621 1
5751 8585 1
5968 6551 1
6006 8227 1
5844 6787 1
6026 6295 1
6000 7117 1
6004 6148 1
6026 6923 1
6026 8638 1
5595 8541 1
5939 8028 1
239 8644 1
5484 7758 1
6025 8038 1
6030 8645 1
6020 6556 1
5844 8653 1
6016 6416 1
5944 6612 1
4581 8662 1
5919 7975 1
5962 6311 1
6030 6866 1
5739 8667 1
1094 8675 1
6026 6234 1
5982 7977 1
6026 6969 1
5944 6501 1
6026 8683 1
6015 7716 1
5802 8619 1
6024 7489 1
6015 6239 1
5383 8114 1
5864 8690 1
6030 7251 1
6014 6267 1
6006 6802 1
5979 6329 1
5868 8054 1
5944 6567 1
5745 8707 1
5990 7153 1
6028 6330 1
6006 6178 1
5954 7327 1
5309 8717 1
5951 7631 1
6021 7460 1
5946 7632 1
5546 8440 1
6004 6572 1
5964 7981 1
6026 7173 1
6006 6335 1
6000 6461 1
5753 8720 1
5886 6685 1
5990 7463 1
5928 6763 1
6030 8007 1
6025 7228 1
5520 8652 1
5946 7243 1
6017 6202 1
6015 7159 1
6013 7096 1
6023 6083 1
6009 7062 1
6002 8295 1
5944 6186 1
5870 8709 1
5044 8726 1
5984 8728 1
5785 8173 1
6026 8634 1
5900 8731 1
5783 8734 1
5101 8010 1
4263 7602 1
5852 6225 1
41 8745 1
65 8746 1
321 8747 1
4537 8750 1
281 8751 1
1131 8753 1
414 8754 1
87 8755 1
745 8756 1
421 8757 1
74 8759 1
6025 8090 1
1121 8761 1
6015 7759 1
5613 7976 1
4635 8316 1
5990 7452 1
5357 8766 1
5917 6560 1
6006 7782 1
5175 8344 1
5844 8661 1
5993 6797 1
6006 8612 1
6025 7453 1
5990 7979 1
6000 6618 1
5848 6423 1
5633 8783 1
5785 7980 1
5383 8784 1
5917 8803 1
6016 8337 1
5997 8115 1
5956 7457 1
6025 7222 1
2917 8805 1
5951 7459 1
6006 7329 1
5870 8806 1
6009 6683 1
6026 6334 1
5870 7821 1
5802 7461 1
5944 7586 1
28 8814 1
6025 6394 1
5966 7226 1
6026 6735 1
5208 8818 1
5626 8387 1
5847 8613 1
5838 6508 1
6015 7158 1
5988 7331 1
5666 7909 1
6026 6818 1
5951 7465 1
5101 8823 1
5778 7230 1
5986 7336 1
5968 6820 1
5483 8708 1
6030 6084 1
5777 8824 1
6013 6085 1
4155 8595 1
6026 7834 1
5951 8841 1
5785 8635 1
5944 7648 1
5458 6224 1
6025 7085 1
5871 8816 1
6006 7162 1
5296 8730 1
5778 8845 1
6006 6836 1
5604 8848 1
5898 6773 1
5968 7044 1
6026 7986 1
200 8851 1
5890 7605 1
5672 8856 1
6013 8096 1
6025 6206 1
6002 6400 1
5954 7344 1
5330 8235 1
5841 8860 1
6008 6697 1
5292 7636 1
4271 6842 1
6026 8710 1
5802 8861 1
6013 7068 1
5868 8324 1
6015 7238 1
5803 8236 1
5990 7104 1
6030 8863 1
5384 6527 1
6006 7165 1
5745 8033 1
5802 6847 1
6006 6680 1
5991 6122 1
6013 7647 1
5626 6505 1
5990 8593 1
5595 8869 1
6003 6210 1
5978 7774 1
6030 8320 1
6025 7224 1
5769 8875 1
5862 7856 1
5963 7895 1
6000 8594 1
5878 7610 1
6025 7227 1
6000 8293 1
5986 6813 1
5977 8365 1
6020 8679 1
5946 6342 1
5777 7335 1
5782 7710 1
6006 8416 1
6009 6252 1
3899 8294 1
5114 8897 1
6016 6039 1
5769 6856 1
5975 7337 1
106 8901 1
5993 7064 1
6006 6581 1
5990 7233 1
5988 7984 1
6026 7878 1
4676 8909 1
6025 8586 1
5964 8017 1
6006 7915 1
5990 8859 1
6030 6880 1
6015 7235 1
6006 7066 1
5870 7825 1
454 8913 1
6020 6585 1
5944 8674 1
5844 8338 1
6030 7911 1
5962 6979 1
6015 6367 1
6006 6100 1
6000 7237 1
5029 8938 1
6026 6236 1
5932 8389 1
390 8939 1
6021 7541 1
75 8940 1
1542 8941 1
45 8929 1
6026 6241 1
4883 8943 1
5964 8055 1
5944 6962 1
4155 8950 1
5796 8952 1
5101 7558 1
5784 6197 1
5329 8954 1
4916 8957 1
1190 8959 1
5970 8205 1
6026 7862 1
5785 8397 1
65 8961 1
5740 8868 1
5626 8826 1
209 8962 1
5964 8963 1
5954 6909 1
1573 8965 1
5626 8694 1
54 8966 1
5990 6653 1
6006 6535 1
5978 6278 1
5996 6536 1
6030 6065 1
6025 6102 1
5785 8978 1
6030 6604 1
6016 6076 1
6022 6034 1
5986 6542 1
6026 6644 1
6009 6287 1
4913 8983 1
6000 7794 1
5672 8573 1
1534 8984 1
5992 8066 1
5679 7824 1
384 8988 1
6025 6826 1
5906 8643 1
4473 8991 1
6027 6149 1
5349 7540 1
6026 6518 1
5944 7339 1
5906 6834 1
5842 8673 1
4760 8994 1
5828 8995 1
6026 8202 1
5103 7340 1
4155 8996 1
5870 8812 1
344 8997 1
4985 8444 1
281 8998 1
475 8999 1
917 9000 1
740 9006 1
5357 9007 1
5988 8969 1
6006 6523 1
346 9008 1
382 7473 1
5548 7542 1
5963 8300 1
4971 9019 1
644 9020 1
5950 8636 1
763 9021 1
5932 8898 1
5802 9024 1
6006 8985 1
5801 8873 1
1664 9028 1
166 9029 1
1667 9030 1
41 9031 1
4581 9032 1
639 9033 1
5898 6051 1
6013 6269 1
6030 8976 1
5838 8174 1
79 9035 1
4263 9036 1
5990 6098 1
122 9037 1
156 9038 1
5520 8564 1
5324 9042 1
421 8830 1
4155 8435 1
1695 9043 1
6029 7364 1
5785 8858 1
5878 8105 1
4808 7418 1
4850 9049 1
4155 9050 1
5944 7642 1
5971 8137 1
5507 8266 1
5971 8059 1
6026 6291 1
442 9053 1
6025 7185 1
6001 7366 1
327 9062 1
203 9063 1
41 9064 1
5993 6664 1
279 9076 1
5731 8140 1
5971 9077 1
75 9078 1
961 9079 1
1592 9080 1
5988 9081 1
213 9082 1
1654 7795 1
5884 7076 1
586 9084 1
5844 9087 1
6015 7147 1
6026 7510 1
890 9088 1
5672 6791 1
5827 8883 1
1148 9090 1
5954 7277 1
1741 9091 1
1743 9092 1
5868 8420 1
43 9104 1
761 9105 1
5745 9106 1
5558 8099 1
5440 8749 1
649 9107 1
6026 6525 1
5966 6846 1
5814 7543 1
5751 8339 1
5033 8506 1
4155 9117 1
666 9119 1
5870 8396 1
5611 8495 1
5778 9121 1
1250 9122 1
5963 8986 1
5878 8654 1
6026 6248 1
1780 9123 1
6030 9124 1
1783 9125 1
6015 7739 1
5778 8695 1
4155 8624 1
288 9126 1
6026 8974 1
1536 9128 1
130 9129 1
5462 8911 1
4826 9137 1
6018 6603 1
1688 9130 1
5346 7268 1
6015 6657 1
6013 6541 1
1536 9140 1
515 9141 1
221 9142 1
5870 6491 1
5919 8600 1
5821 7184 1
177 9143 1
6003 6041 1
5989 9145 1
5802 8815 1
6026 7090 1
4155 9148 1
6027 6493 1
5938 9150 1
652 9151 1
5506 9054 1
5357 9157 1
4155 8547 1
1549 9158 1
201 9159 1
1073 9160 1
6006 8496 1
5594 7952 1
6006 8343 1
5993 6790 1
358 9161 1
5330 6388 1
6025 6309 1
5782 8211 1
5483 9163 1
442 9165 1
5745 9167 1
421 9168 1
5484 8967 1
1232 9169 1
8 9170 1
213 8273 1
5906 9171 1
279 9172 1
203 9173 1
5954 6389 1
5628 8879 1
6023 6087 1
5954 8628 1
5827 7427 1
5878 6043 1
6025 8039 1
6026 7031 1
6013 7411 1
788 9177 1
6016 6457 1
110 9178 1
320 9179 1
759 9180 1
1284 9181 1
5938 7901 1
841 9182 1
102 9183 1
1118 9185 1
127 9186 1
5876 8332 1
6009 6681 1
6030 6132 1
5920 7957 1
6006 7183 1
5665 6985 1
5842 6782 1
5910 6445 1
5870 8903 1
2156 8724 1
6026 7958 1
5881 8304 1
5565 7613 1
5594 8937 1
1895 9196 1
5886 9197 1
348 9198 1
110 9199 1
41 9200 1
1094 9201 1
6025 6662 1
1614 9202 1
4877 9203 1
5589 9204 1
346 9205 1
759 9206 1
5490 9207 1
405 9209 1
1919 9210 1
406 9212 1
6001 8758 1
5898 7614 1
5971 6306 1
5265 8402 1
5999 7838 1
5886 6669 1
1928 8549 1
5939 8426 1
5914 7691 1
6026 7779 1
6006 6260 1
5868 8035 1
3983 9221 1
5593 9214 1
5940 8519 1
4213 9223 1
3701 8451 1
14 9224 1
5575 7863 1
1591 9227 1
5946 8427 1
6008 6674 1
5307 9051 1
6026 8176 1
6011 7152 1
5175 9238 1
4841 9239 1
1909 9240 1
1137 9245 1
380 9246 1
6008 6326 1
569 9248 1
4155 9072 1
5728 6199 1
6026 9249 1
3971 6999 1
4568 9254 1
1970 9256 1
6026 6120 1
5778 9258 1
358 9259 1
5575 8610 1
6025 8239 1
1403 9263 1
454 9264 1
721 9265 1
4263 9269 1
4390 8924 1
4142 8125 1
4608 8407 1
66 9270 1
5944 7194 1
5755 7963 1
5868 9016 1
5672 9097 1
390 9276 1
320 9277 1
5785 8956 1
5778 7619 1
1376 9278 1
5831 8946 1
943 9279 1
929 9305 1
5814 7175 1
6026 7773 1
5604 8993 1
505 9306 1
1760 9307 1
5737 6147 1
5246 8741 1
6027 6352 1
6030 6353 1
6029 7724 1
5831 7274 1
6025 6060 1
6027 6720 1
6030 6307 1
6006 6896 1
5920 7796 1
6029 8688 1
6027 6230 1
6006 7350 1
6027 6672 1
6006 7699 1
6030 6314 1
6009 6163 1
6026 6032 1
6029 7830 1
6030 6852 1
5996 9011 1
6004 6316 1
6029 6167 1
6026 6322 1
5938 7607 1
6026 7278 1
6030 6407 1
6029 6727 1
5951 9312 1
5964 7368 1
5784 7935 1
6027 7839 1
5938 8144 1
6030 6854 1
5971 7686 1
6007 6933 1
6029 6971 1
5952 7801 1
5912 8670 1
6006 9127 1
5758 7155 1
5892 6035 1
1137 9164 1
5968 6625 1
5838 8502 1
6026 7718 1
5758 6336 1
6006 7962 1
6029 7000 1
6000 6899 1
5938 8821 1
5812 7804 1
6027 7701 1
5970 7290 1
6026 6736 1
5907 6426 1
6030 6339 1
6006 6869 1
6029 6855 1
5906 8671 1
5856 8177 1
5507 8438 1
5279 7434 1
5944 7436 1
5357 7054 1
5906 9320 1
5833 6348 1
5593 8379 1
5990 7437 1
231 9321 1
6024 9322 1
6027 6513 1
6026 6878 1
5971 9286 1
6026 6857 1
4567 9325 1
5912 8779 1
5507 7438 1
54 9326 1
5670 9317 1
560 9328 1
5798 7394 1
209 9329 1
4141 9273 1
2081 9330 1
6006 9331 1
1229 9332 1
5870 8258 1
5421 9334 1
5877 7533 1
5319 8328 1
6026 9242 1
2094 9336 1
5951 7511 1
6026 8061 1
4720 8915 1
4263 9044 1
6030 6402 1
681 9340 1
5864 7257 1
4635 8665 1
5770 7811 1
6026 7598 1
5672 9344 1
2112 9345 1
4971 8578 1
5844 8765 1
5852 9314 1
5272 8729 1
5785 9352 1
6025 6192 1
6006 7974 1
5980 6310 1
6021 7215 1
5968 7216 1
6023 8317 1
6006 7583 1
5968 8553 1
5718 6318 1
5633 7150 1
6026 7080 1
5633 7538 1
6027 6319 1
5944 6800 1
5996 6801 1
6029 7120 1
5986 6327 1
5785 7554 1
5986 7783 1
4567 9369 1
6025 6244 1
6026 6198 1
6022 6566 1
6003 6181 1
6026 7727 1
5986 6333 1
6005 7630 1
5964 8414 1
5986 6036 1
6026 6571 1
5951 7539 1
4155 9371 1
4639 9372 1
4670 9373 1
6026 6885 1
6015 7679 1
5997 6185 1
5483 8570 1
2169 9374 1
5760 7833 1
5951 7261 1
1284 9376 1
6026 6425 1
5821 8232 1
5814 7333 1
2141 9379 1
5028 8668 1
4939 7244 1
5029 9100 1
5964 9255 1
5949 8233 1
1284 8582 1
5905 6221 1
5988 6254 1
6026 6947 1
1081 9380 1
5815 9381 1
5971 7635 1
999 9383 1
6029 7403 1
4567 8672 1
5796 8742 1
5676 6514 1
29 9401 1
3949 9402 1
390 9403 1
5981 6429 1
532 9404 1
52 9405 1
5906 9406 1
6000 6743 1
6026 7670 1
6022 6977 1
6026 6366 1
6029 7045 1
5967 7949 1
5640 8168 1
6022 6070 1
5557 9018 1
5971 6957 1
4791 9408 1
6029 6840 1
6030 6262 1
5948 6752 1
6006 6699 1
6026 7049 1
5992 6172 1
6030 6592 1
5993 6173 1
6006 7013 1
6030 6040 1
4155 9353 1
6026 8301 1
5944 8093 1
6026 6877 1
5757 9414 1
6030 7458 1
6026 7223 1
5844 9360 1
490 9415 1
4144 9416 1
1928 9417 1
110 9418 1
1626 9419 1
5928 7908 1
5483 9395 1
5827 8811 1
5642 8415 1
1700 9421 1
5917 9423 1
421 9424 1
738 9425 1
5259 8231 1
6006 7380 1
5453 9428 1
616 9429 1
5880 8009 1
6030 7097 1
6029 6901 1
6006 6576 1
6018 6141 1
5906 7765 1
6026 6737 1
5937 7651 1
5962 7548 1
5906 8296 1
952 9431 1
4348 9432 1
6006 6879 1
6011 6354 1
656 9434 1
4342 9436 1
4669 9437 1
1516 9439 1
745 9443 1
652 9446 1
1065 9447 1
5114 9267 1
586 9449 1
1508 9450 1
5940 7707 1
5985 6258 1
29 9396 1
6030 8417 1
5458 9451 1
5796 6956 1
4155 8727 1
5670 9291 1
472 9462 1
1506 9463 1
548 9464 1
758 9465 1
279 9466 1
5906 9467 1
5992 7472 1
5458 7012 1
4692 8970 1
5683 8596 1
1524 9473 1
1115 9474 1
5959 9174 1
4317 9475 1
5453 8192 1
1408 9274 1
5993 7167 1
6030 7406 1
5966 7348 1
99 9479 1
5945 7385 1
5864 9056 1
6026 8203 1
5992 8263 1
6025 6705 1
5751 8400 1
4263 9480 1
281 9488 1
6028 7388 1
5739 7265 1
6026 6982 1
6006 6534 1
5976 8207 1
6015 6062 1
6030 6910 1
5993 7267 1
5753 6133 1
5966 8208 1
6026 6862 1
5944 8044 1
8 9492 1
6030 6540 1
6026 6033 1
5996 6103 1
6016 6711 1
6020 6512 1
6004 7040 1
5785 8030 1
5915 7467 1
6029 6350 1
5705 7232 1
6030 6633 1
6027 6047 1
6026 6948 1
5906 7469 1
6026 6516 1
6030 7338 1
5970 7948 1
6027 6154 1
6030 6111 1
6020 6584 1
6026 6886 1
6006 6056 1
5954 7572 1
6022 6951 1
6014 7101 1
6027 6365 1
6030 6955 1
6029 6261 1
5992 7573 1
6000 6439 1
6006 8494 1
5890 8012 1
5992 7826 1
2343 9502 1
6030 6870 1
6027 6960 1
5698 8878 1
6026 6409 1
6027 6639 1
6030 6903 1
5977 8445 1
6027 6858 1
6022 7611 1
64 9503 1
6018 6640 1
6015 8801 1
6030 6596 1
6026 6176 1
6029 6090 1
6006 7475 1
6030 6091 1
5985 6848 1
6030 6703 1
5968 7263 1
6030 6123 1
5980 7387 1
6027 6404 1
6030 6273 1
5993 6274 1
5934 9111 1
5971 7181 1
5867 8019 1
6001 6707 1
6030 6412 1
5938 7917 1
6015 7508 1
5992 6850 1
6022 6916 1
6026 7363 1
6030 6216 1
5970 6101 1
6026 6710 1
5953 6135 1
6029 7389 1
6025 6105 1
6026 6289 1
6004 6919 1
5980 8045 1
6026 6714 1
5990 7365 1
6030 6891 1
5971 6864 1
6000 6920 1
5878 7270 1
5966 7271 1
5993 6893 1
6029 6666 1
6030 6298 1
6024 6865 1
6011 6788 1
5785 7859 1
6008 7075 1
6030 6667 1
5799 8141 1
5962 8182 1
6005 6417 1
6006 6990 1
6030 6308 1
6029 7119 1
5890 6925 1
6030 7276 1
6026 7509 1
5880 7746 1
6027 7568 1
6030 6958 1
6020 7788 1
6006 6370 1
6004 7950 1
6026 6371 1
5882 8068 1
5945 6751 1
6027 6266 1
327 9526 1
771 9527 1
5954 6268 1
1240 7384 1
4393 8850 1
5593 9530 1
1229 9531 1
56 9532 1
1500 9533 1
5838 8367 1
1963 9534 1
1190 9535 1
6026 6272 1
5997 6599 1
5631 7737 1
5757 9192 1
5844 9323 1
5778 9375 1
5821 8791 1
5980 8517 1
5844 8825 1
5944 8479 1
6015 8735 1
5919 9247 1
5906 9361 1
6022 8101 1
6026 6601 1
5728 9362 1
5674 8935 1
5937 7741 1
138 9536 1
5951 6285 1
5944 6608 1
5997 8736 1
6015 8267 1
5986 6449 1
5992 7420 1
6026 7115 1
5997 8481 1
5986 6661 1
5971 8792 1
5593 9524 1
6026 6968 1
5796 8699 1
5782 8401 1
5996 7058 1
5991 8209 1
5728 8330 1
6026 6255 1
6015 6049 1
6027 6384 1
5990 7187 1
5938 9540 1
5868 8626 1
5992 8681 1
5830 8497 1
4263 9542 1
6006 8210 1
5842 8305 1
6025 7528 1
17 9543 1
122 9357 1
6018 6072 1
6000 6313 1
6026 6073 1
6025 6769 1
6010 6419 1
6026 6613 1
6030 6315 1
6000 6420 1
6006 6559 1
6013 6104 1
5986 6993 1
5980 7617 1
5968 8793 1
1078 8676 1
5101 8647 1
5905 6086 1
2187 9545 1
6028 6113 1
6000 6728 1
6015 8486 1
5944 6807 1
6020 7082 1
6030 8214 1
6026 6209 1
6021 6094 1
5932 7034 1
6006 7284 1
5868 8375 1
5716 7191 1
5988 9486 1
422 9547 1
5906 8655 1
390 9548 1
486 9549 1
5765 8663 1
5994 7018 1
4155 8732 1
6026 7266 1
6015 6283 1
6006 6284 1
6015 8696 1
5993 6288 1
6026 9386 1
5064 8697 1
5950 7549 1
5028 9281 1
5878 7563 1
5868 8485 1
390 9553 1
6027 8268 1
4503 9554 1
5785 8122 1
5990 7186 1
1578 8450 1
672 9555 1
6015 8748 1
421 9556 1
5827 8588 1
5267 8968 1
5876 6415 1
444 9558 1
5987 6610 1
5862 7893 1
4826 9559 1
382 9560 1
569 9561 1
5785 9563 1
4263 7592 1
5997 7745 1
5570 7851 1
5944 9115 1
5986 6194 1
4438 6071 1
1970 9564 1
163 9565 1
5990 8306 1
5865 7550 1
5611 9453 1
41 9566 1
5954 7025 1
4155 7425 1
1589 9570 1
1492 9571 1
6025 7151 1
5954 8713 1
4917 9283 1
4795 8073 1
5986 7188 1
5483 9284 1
6006 7279 1
4777 8808 1
5878 6806 1
1528 9572 1
203 8768 1
5940 6932 1
5944 8074 1
6025 6119 1
823 9573 1
5936 8075 1
1684 9574 1
2502 9575 1
213 8406 1
5993 8849 1
5051 8807 1
5886 7193 1
5742 8076 1
5986 7597 1
5330 9285 1
1411 9596 1
6015 6972 1
5951 7994 1
1263 9597 1
5802 8579 1
5416 8885 1
5946 8764 1
6006 6464 1
5210 9598 1
5903 8309 1
5990 7195 1
5548 8618 1
4114 8659 1
288 9600 1
279 9601 1
5268 9602 1
5626 9093 1
5785 7531 1
5175 8990 1
5909 9482 1
5001 6397 1
6006 7621 1
6025 6155 1
4663 9604 1
5377 9348 1
5962 8548 1
6026 9469 1
1526 9605 1
565 9607 1
5992 9295 1
5492 9045 1
5946 6156 1
1408 9608 1
5611 9485 1
109 9609 1
6026 6161 1
4779 9154 1
5990 8272 1
5357 8589 1
5966 6162 1
6000 8245 1
4263 9610 1
4663 9611 1
27 9612 1
207 9613 1
4497 8358 1
1643 9615 1
5132 9350 1
6004 9096 1
6026 6422 1
110 9616 1
4501 7675 1
828 9617 1
5330 9618 1
4917 9619 1
4864 8648 1
4155 9620 1
5915 6118 1
1048 9621 1
6026 6868 1
5132 8782 1
4074 9133 1
110 9622 1
6015 6811 1
5993 7653 1
7 7866 1
6016 6734 1
5802 7885 1
6026 6393 1
4529 9015 1
4155 9537 1
1879 9470 1
5886 8308 1
5418 7530 1
6008 6075 1
1051 9623 1
6026 7240 1
2592 9624 1
6000 6816 1
1148 9625 1
794 9589 1
207 9626 1
557 9627 1
1289 9222 1
5964 6578 1
5931 8640 1
5928 8378 1
5029 8973 1
6019 6042 1
1079 9040 1
722 9628 1
6026 7007 1
2612 9507 1
6003 9299 1
4463 9300 1
6026 6227 1
5064 9456 1
4263 9370 1
637 9629 1
818 9630 1
131 9631 1
656 8876 1
6017 6231 1
4091 8813 1
6026 9175 1
5410 8958 1
6025 6363 1
5307 8842 1
5999 6364 1
6008 6431 1
6006 7565 1
5968 7297 1
6026 7102 1
6025 7299 1
5827 7534 1
5718 7163 1
6030 6168 1
5772 8874 1
5626 7870 1
6015 6079 1
5899 8550 1
5876 8085 1
5802 8119 1
5705 6503 1
5785 7189 1
6025 7032 1
5785 8307 1
5121 8326 1
5941 8465 1
2418 9636 1
6006 6621 1
5864 7283 1
6018 6460 1
5978 7286 1
5442 8023 1
254 8107 1
6025 7902 1
5991 6097 1
6013 7035 1
6030 6127 1
54 9640 1
5990 6463 1
5964 7288 1
5830 8215 1
4155 9271 1
6015 7289 1
5854 7886 1
6026 6686 1
6013 8989 1
5951 7953 1
421 9642 1
5878 8630 1
1762 9643 1
5665 9311 1
5559 8078 1
6026 7291 1
856 9647 1
6006 6766 1
823 9272 1
560 9648 1
1384 9649 1
6026 6223 1
5465 8380 1
6030 6975 1
6026 8448 1
5917 7088 1
6015 7176 1
5997 6646 1
6006 9448 1
4779 8249 1
5992 8871 1
5837 7868 1
6026 6157 1
5101 9388 1
314 9651 1
6026 6158 1
5944 6362 1
5919 9118 1
114 9066 1
5593 9525 1
5991 8832 1
1678 9389 1
5944 7298 1
5672 7703 1
5770 7853 1
6030 6843 1
1754 8408 1
5986 7199 1
4998 8329 1
5954 7955 1
5785 9152 1
5645 6264 1
5940 7888 1
4263 9313 1
5964 6474 1
5988 6403 1
6030 6753 1
5745 9454 1
6026 7258 1
5778 7166 1
6006 6594 1
5324 8591 1
6026 6964 1
6013 7645 1
6025 6476 1
6026 6531 1
5828 7832 1
4155 9635 1
5770 8631 1
5862 7303 1
5996 7755 1
5990 6650 1
6015 6537 1
219 9660 1
4778 8987 1
6001 6214 1
6030 7376 1
4945 8760 1
5101 9108 1
393 9662 1
27 9663 1
5940 7906 1
1963 9665 1
6006 6222 1
6025 6577 1
5482 6821 1
6030 6142 1
175 9666 1
1148 9667 1
5844 7480 1
1688 9668 1
4541 9669 1
1349 9670 1
5990 6827 1
2112 9671 1
6025 6828 1
2381 9672 1
358 6150 1
1284 9673 1
5986 6949 1
5049 9675 1
6026 8060 1
90 8947 1
6004 6229 1
6006 6204 1
1148 9676 1
528 9677 1
5241 9678 1
5814 8433 1
5990 7887 1
5499 9606 1
6025 6745 1
6026 6237 1
5871 8280 1
6006 6165 1
5802 8025 1
5917 6166 1
6026 6238 1
655 9683 1
652 9684 1
1447 9685 1
5778 8250 1
219 9686 1
4806 8282 1
442 9688 1
99 8598 1
5199 8087 1
318 9689 1
5770 9413 1
6025 7576 1
6026 6700 1
762 9690 1
5979 8312 1
1065 9692 1
5862 7201 1
5793 8036 1
5986 7110 1
5769 9471 1
3984 8398 1
28 9694 1
5821 8905 1
5708 9399 1
6025 8037 1
1148 9695 1
6001 7203 1
1726 9696 1
36 9697 1
99 9698 1
394 9699 1
5745 9059 1
1371 9700 1
5940 7513 1
5388 9702 1
6015 8350 1
6006 7894 1
627 8704 1
314 9703 1
1052 9704 1
1148 9705 1
6000 6383 1
288 9706 1
6025 7312 1
41 9707 1
1148 9710 1
4760 7141 1
5926 7447 1
6030 7210 1
5770 6922 1
219 9711 1
1051 9712 1
5964 8052 1
56 9713 1
344 9714 1
5753 9166 1
5990 6054 1
4494 9715 1
5980 8229 1
41 8290 1
383 9445 1
6026 9047 1
5501 8660 1
6014 6668 1
110 9716 1
6025 7954 1
1988 9717 1
1802 9718 1
5678 7504 1
5946 6472 1
5840 6196 1
5665 9719 1
2173 9720 1
5448 8886 1
5944 6473 1
5307 8221 1
5868 8086 1
937 9722 1
5433 9218 1
624 9723 1
5739 8311 1
4812 9633 1
578 9724 1
407 9725 1
1525 9726 1
5737 7904 1
1077 9094 1
423 9727 1
5770 7677 1
4790 8916 1
5633 9728 1
6026 7016 1
2388 9729 1
6006 9390 1
291 9730 1
6026 6277 1
975 9731 1
5884 6781 1
6006 7841 1
5990 6965 1
5707 7905 1
5878 8810 1
163 9733 1
6025 8862 1
5770 6447 1
5931 7813 1
4755 9734 1
828 9735 1
5499 8880 1
5953 6712 1
6026 9681 1
1592 9736 1
5741 7310 1
5648 9483 1
471 9468 1
1132 9737 1
786 9582 1
414 9489 1
6006 8902 1
6025 8685 1
5977 8111 1
5745 9679 1
6026 7656 1
145 9001 1
5802 7874 1
1148 9738 1
5882 7377 1
6025 8492 1
1649 9356 1
5739 9220 1
5934 8255 1
4797 8354 1
1334 9740 1
5778 8919 1
5928 9153 1
310 9741 1
2862 9392 1
5906 6067 1
6026 9550 1
5870 7024 1
6013 6671 1
5053 9521 1
4716 9742 1
5440 9346 1
4670 8318 1
4579 8955 1
6013 6675 1
6026 6455 1
5954 8230 1
5988 6170 1
4538 9744 1
5665 6390 1
6006 7059 1
5740 8162 1
4801 7819 1
4089 9745 1
5999 7409 1
5727 8870 1
5871 7060 1
5817 8319 1
5821 8633 1
5951 8413 1
3817 9327 1
1081 8908 1
4779 8478 1
586 9176 1
5682 9407 1
5597 9539 1
5917 7502 1
3855 9747 1
5870 9301 1
6005 7241 1
2891 9593 1
6025 6444 1
5739 8001 1
5955 7307 1
6026 6138 1
6006 7308 1
5936 7138 1
99 9748 1
5964 6863 1
6026 6767 1
5986 7309 1
5703 8199 1
5968 6768 1
5992 7313 1
4446 8161 1
6025 6293 1
5912 7091 1
5734 7704 1
4991 8128 1
5906 7209 1
5648 8129 1
5986 8651 1
4567 9750 1
5906 7211 1
5970 8912 1
5934 8131 1
6029 8853 1
5976 7397 1
5753 8132 1
5950 6894 1
6027 7448 1
6006 8133 1
5906 7667 1
5938 7929 1
5912 7706 1
5964 9023 1
6026 7492 1
6027 6927 1
5938 7943 1
6004 6928 1
5990 8608 1
5912 6992 1
6027 7978 1
5970 7399 1
6030 7242 1
5993 6876 1
6022 6796 1
6026 6080 1
6027 6867 1
5971 6081 1
6000 6761 1
6026 6320 1
5992 6563 1
6030 6045 1
6006 7456 1
5971 7522 1
6029 6995 1
6030 6729 1
6026 8412 1
6020 7121 1
6011 6108 1
5995 8526 1
6015 8527 1
5640 7171 1
5995 8568 1
5947 8094 1
6015 6682 1
6030 7820 1
5802 6898 1
6015 7172 1
5944 8601 1
5778 7763 1
5944 8554 1
5357 8602 1
5995 6626 1
6015 7123 1
5778 8798 1
5995 7174 1
5944 7124 1
6015 7823 1
5944 8799 1
5778 8571 1
1009 9114 1
6030 6688 1
5944 8095 1
5778 8532 1
6027 6631 1
5995 8555 1
6001 7766 1
5992 6819 1
5944 8533 1
6015 8740 1
6023 6579 1
6026 6466 1
6025 6088 1
6030 6824 1
6015 7231 1
5962 6427 1
5996 6107 1
5520 8817 1
828 9275 1
5970 7468 1
6027 6515 1
6030 6772 1
6026 6742 1
6008 6153 1
6022 8493 1
6006 6358 1
5785 7234 1
5912 7126 1
6006 6037 1
6026 7381 1
5970 6838 1
5994 6522 1
6030 8067 1
6006 6233 1
6026 7561 1
5986 6587 1
5604 7768 1
5886 8299 1
6027 6068 1
5801 6160 1
54 9756 1
4773 8390 1
4408 9680 1
5968 7637 1
5944 7103 1
5653 8103 1
6025 8620 1
5953 8391 1
6020 7383 1
208 9757 1
5971 7689 1
5968 7347 1
6025 6595 1
5821 6378 1
5962 9253 1
5546 8637 1
5946 6379 1
4034 9427 1
5968 7639 1
5734 6380 1
5961 7179 1
5968 9025 1
5870 6532 1
5990 6776 1
5944 6651 1
5186 9576 1
5104 9444 1
6003 8864 1
6026 6442 1
6025 6777 1
5965 7591 1
115 9653 1
6006 9384 1
1525 9385 1
6005 6602 1
6027 6890 1
5912 7933 1
6029 7087 1
5971 8431 1
6006 7417 1
6026 7390 1
5964 8449 1
5962 8106 1
5626 8698 1
5438 9333 1
6026 8432 1
6030 6548 1
5996 7116 1
5986 6290 1
5088 9009 1
6026 7052 1
5996 6187 1
6006 6297 1
6026 7525 1
5947 8827 1
6011 6553 1
5099 9010 1
6029 6299 1
5968 7272 1
6026 6554 1
6026 7527 1
6026 8021 1
6003 8270 1
6001 6497 1
6026 7078 1
5968 8538 1
5986 6611 1
5996 7922 1
5992 8370 1
5878 8436 1
5993 6591 1
4034 9528 1
6026 8180 1
5074 6638 1
5633 9190 1
6008 7520 1
5737 6845 1
5778 7130 1
6026 6372 1
5945 6373 1
5880 7131 1
5878 6376 1
6006 7346 1
5944 8100 1
6026 7638 1
6011 6377 1
6020 7105 1
6016 6529 1
6026 6963 1
5986 6755 1
5995 8070 1
5997 8543 1
5944 7790 1
5968 7524 1
6026 6908 1
6015 7612 1
5990 6057 1
878 9732 1
5672 8971 1
1935 8347 1
6026 7416 1
5906 9484 1
6006 6861 1
5945 6538 1
5986 6655 1
6006 6413 1
5944 7182 1
6011 7641 1
6020 7560 1
5841 6656 1
6026 6545 1
5968 7743 1
5944 6546 1
5997 7269 1
6000 6785 1
6006 6547 1
6030 6786 1
6008 7723 1
5997 7921 1
5966 8463 1
5992 7142 1
5944 8458 1
5938 7359 1
5997 6552 1
5802 8072 1
5870 8587 1
2944 9763 1
6026 9294 1
1528 9519 1
5954 7391 1
5997 6719 1
5994 6304 1
5991 7615 1
5944 8518 1
4519 9095 1
5988 7275 1
5801 8833 1
6006 6557 1
5964 7145 1
5384 8244 1
5862 7960 1
5964 8403 1
448 9410 1
5880 6499 1
6026 6794 1
1305 9057 1
6027 6724 1
5560 8923 1
5940 8890 1
5090 8767 1
5990 8627 1
5991 7700 1
5992 7717 1
6027 7426 1
5971 8143 1
4155 9116 1
6024 6853 1
5868 9452 1
5642 7478 1
4567 6677 1
5827 7594 1
5870 9768 1
655 9343 1
6001 6332 1
6023 6570 1
5905 8507 1
4228 9552 1
5802 9297 1
5939 9769 1
1453 9770 1
5114 9771 1
5303 8843 1
5932 7793 1
5920 7661 1
6004 7927 1
5944 9493 1
6029 6915 1
5324 9497 1
6006 8136 1
5501 9435 1
5971 7663 1
5507 9498 1
5932 8369 1
445 9772 1
4155 9773 1
5560 9499 1
1963 9774 1
2209 9775 1
4791 9776 1
5029 9500 1
65 9777 1
4449 9754 1
878 9778 1
200 9779 1
152 9780 1
1492 9781 1
320 9721 1
5501 9481 1
104 9782 1
1557 9783 1
611 9784 1
5885 8331 1
5990 7273 1
1 9785 1
1441 9387 1
874 9786 1
5905 7486 1
6026 9382 1
4754 6989 1
6027 8682 1
5940 8013 1
6020 8743 1
4328 9491 1
5993 6793 1
5433 9787 1
6026 6759 1
5802 9282 1
5980 7149 1
6030 6760 1
5962 6673 1
5802 7961 1
219 9788 1
5870 6321 1
6006 6562 1
717 9789 1
5821 8372 1
5544 9228 1
1223 9790 1
5707 9791 1
5802 6799 1
5929 7799 1
6006 6804 1
5997 6805 1
5749 7800 1
5870 7282 1
5871 8677 1
5878 8022 1
5951 8882 1
6004 6052 1
5999 7431 1
108 9793 1
5424 9241 1
5821 6936 1
5946 7596 1
320 9795 1
5947 8809 1
5996 8629 1
3106 9578 1
6026 6249 1
5995 8639 1
5520 7993 1
5873 9758 1
5954 6137 1
6006 9184 1
5991 8276 1
5992 8148 1
5617 8787 1
6027 7083 1
6011 6509 1
6030 7004 1
5938 7435 1
5988 6143 1
5997 8079 1
5933 8664 1
5986 7039 1
5697 8047 1
5827 8278 1
5878 7196 1
639 9567 1
624 9755 1
6030 6895 1
6006 7934 1
6025 6257 1
6004 7567 1
99 9109 1
5538 8269 1
5482 8712 1
5699 8342 1
1148 9796 1
4779 9797 1
5950 7477 1
6020 6498 1
6030 6069 1
6026 6930 1
5990 7664 1
5944 7367 1
5951 6312 1
5886 9520 1
5962 7897 1
66 9799 1
5871 8246 1
6026 6038 1
6009 7643 1
5739 8142 1
6027 6970 1
5482 8124 1
5951 9398 1
5844 9193 1
5778 8274 1
5975 6391 1
5928 8405 1
6026 7593 1
1468 9800 1
6003 7864 1
6018 7033 1
5990 7190 1
6025 6998 1
6026 7479 1
5997 7170 1
921 8374 1
5997 7061 1
5821 7432 1
4635 8844 1
615 7803 1
5938 7991 1
6006 8932 1
6016 6507 1
5728 9515 1
6030 6574 1
5991 7287 1
5097 9496 1
6006 9251 1
5976 7036 1
6027 7256 1
5990 8474 1
6011 6338 1
5870 8769 1
6026 7521 1
293 9801 1
6004 6396 1
6026 7995 1
5980 7882 1
4947 8540 1
6026 7787 1
6025 7370 1
5944 7748 1
6022 6632 1
5968 8108 1
5944 8303 1
6006 6823 1
5997 6582 1
6011 7041 1
5821 8127 1
6000 8279 1
6006 6693 1
5990 6356 1
6013 6635 1
5919 8467 1
6030 6357 1
5954 6976 1
5878 8040 1
5954 8590 1
5962 6978 1
5864 7808 1
6026 7532 1
5802 7010 1
5990 8846 1
6006 6469 1
5643 8982 1
6015 8333 1
5993 7407 1
6006 6749 1
5835 7809 1
6001 6368 1
5888 6483 1
6030 6698 1
6029 6078 1
5944 9310 1
6006 6369 1
5945 7488 1
5752 8669 1
6026 7797 1
6018 7369 1
6000 7798 1
5968 6568 1
6006 7429 1
6014 6179 1
6030 6331 1
6026 7095 1
6000 7680 1
6000 6733 1
6030 7285 1
5821 6810 1
5980 7192 1
6029 6624 1
5802 7156 1
6000 6684 1
5980 8557 1
5296 7608 1
6026 8198 1
6006 6814 1
6030 7618 1
5986 8077 1
5962 6627 1
5997 6815 1
5626 8275 1
5802 9335 1
5943 6074 1
6026 6629 1
5838 7805 1
5745 7084 1
6025 6344 1
5986 7063 1
6026 6942 1
5936 8877 1
5749 8455 1
5557 8191 1
5812 8975 1
5318 9802 1
6030 7501 1
5665 8152 1
5776 9634 1
5845 7065 1
6015 8248 1
4155 9739 1
5990 8310 1
5633 8597 1
5886 6831 1
5855 7750 1
5785 9187 1
5968 6694 1
5997 7751 1
5030 9803 1
5821 7752 1
5944 6520 1
6030 6637 1
5990 7100 1
6000 7852 1
5884 8702 1
5997 6837 1
5844 7127 1
5195 7754 1
5944 7128 1
6026 7372 1
164 9603 1
4495 9639 1
4469 9701 1
5968 7373 1
6000 7440 1
6006 6844 1
6011 6374 1
5944 6980 1
6000 7441 1
6006 8050 1
6026 7014 1
5968 8194 1
5944 7644 1
4713 8469 1
6006 7200 1
5383 8222 1
3053 9805 1
5255 9637 1
5565 8026 1
5864 9661 1
28 9581 1
5881 6441 1
2193 9391 1
1442 9693 1
5991 8872 1
1284 9807 1
5982 6064 1
6026 8315 1
5962 8157 1
4798 8224 1
5928 9438 1
5937 8829 1
6015 6281 1
5951 7968 1
5509 8719 1
5633 9131 1
5953 8904 1
6027 7658 1
6026 6690 1
6030 9808 1
5986 8216 1
5649 8715 1
5990 8217 1
5875 8657 1
1492 9809 1
5172 9522 1
1519 9760 1
6006 8151 1
5971 9501 1
6030 8466 1
5778 8641 1
5944 8521 1
2326 8081 1
5997 7749 1
6026 8701 1
5944 8381 1
6022 7099 1
5821 8771 1
5990 9026 1
5302 9494 1
5932 7682 1
5906 8183 1
5997 6519 1
6027 6744 1
6026 6430 1
6011 6521 1
5945 6746 1
6026 7371 1
5990 7198 1
6016 6747 1
5178 9412 1
5785 8794 1
5633 9046 1
5821 9162 1
717 9810 1
6000 6401 1
5870 8353 1
5982 6242 1
5905 6593 1
381 9811 1
4397 8283 1
16 8567 1
6026 7089 1
441 9812 1
5778 8914 1
5855 7965 1
5944 7109 1
5880 7812 1
5520 9244 1
5995 6484 1
5944 6706 1
5886 7692 1
239 9813 1
3855 9814 1
6006 7134 1
5494 7535 1
5633 8088 1
5878 7854 1
5320 9487 1
2630 9815 1
64 9816 1
6026 6913 1
5990 9257 1
6006 7204 1
5930 6477 1
4804 9594 1
6026 8253 1
6015 6140 1
6026 6658 1
5339 7889 1
6000 6606 1
6006 7873 1
122 9459 1
5753 9060 1
2052 9614 1
5403 8160 1
6030 7069 1
6015 7057 1
5953 7600 1
5785 7914 1
174 9817 1
5796 8287 1
5188 8893 1
6000 8130 1
1229 9818 1
5617 8340 1
5448 8228 1
2129 9819 1
358 9820 1
4514 9065 1
5875 8289 1
472 9821 1
5753 7482 1
5672 8894 1
6009 7144 1
6026 6609 1
5954 6235 1
663 9822 1
4158 9823 1
823 9824 1
583 9825 1
6006 6471 1
5881 8084 1
5538 8642 1
1363 9580 1
6026 8281 1
5008 8220 1
6026 7997 1
5821 7928 1
6025 7964 1
5335 9048 1
5944 7374 1
5954 6434 1
6013 6106 1
6006 8772 1
1970 9518 1
5828 8666 1
5802 7999 1
6015 7132 1
4797 9826 1
6026 8284 1
5626 7512 1
5440 7966 1
5443 9287 1
6019 6649 1
5951 7579 1
4155 8560 1
530 9827 1
586 9599 1
5944 6600 1
5717 8551 1
4155 8523 1
1471 9541 1
5937 6912 1
5944 8334 1
5880 8459 1
6026 6286 1
6006 6414 1
5986 7683 1
6026 6479 1
5970 6605 1
6030 8159 1
5676 6917 1
5937 7829 1
6022 6607 1
5931 9544 1
5906 8524 1
5937 8470 1
5342 7757 1
5944 9490 1
5906 7860 1
5995 8788 1
5937 8525 1
6016 6294 1
4893 9316 1
5821 8900 1
6026 6494 1
5959 6874 1
6027 7972 1
5937 6495 1
5997 7092 1
5821 7973 1
4463 8102 1
5937 8819 1
6026 6496 1
5906 8718 1
5676 8042 1
6029 6758 1
5991 7483 1
3935 9831 1
5868 9231 1
4991 9132 1
6026 6453 1
5842 7875 1
6026 9767 1
1501 9085 1
762 9832 1
5814 9433 1
5739 8632 1
6026 7027 1
1534 9833 1
639 9834 1
5934 6421 1
6013 7028 1
6023 6456 1
5653 9319 1
6026 7499 1
5044 9213 1
6030 6114 1
5962 6328 1
6026 6458 1
5725 8341 1
6006 8936 1
5739 7876 1
2057 9835 1
6026 6619 1
5994 6126 1
5990 7202 1
6026 6213 1
5665 9836 1
5858 8456 1
2156 9506 1
6026 6780 1
5991 6443 1
4774 8156 1
5946 7112 1
5995 7169 1
6006 8226 1
6026 6218 1
5951 6478 1
5801 8510 1
6026 8752 1
6014 6139 1
6030 6077 1
5986 7625 1
5954 6448 1
5835 6480 1
5946 6144 1
6026 7814 1
6008 6550 1
6015 6450 1
6030 6145 1
5785 6716 1
5796 9103 1
6026 6921 1
5975 7446 1
6026 8062 1
5971 6436 1
5980 6987 1
5784 9753 1
6008 6152 1
5997 6095 1
6026 8384 1
4499 9652 1
5878 7942 1
6006 6924 1
4484 9188 1
5997 9341 1
241 9595 1
4155 8910 1
5367 7378 1
5990 7818 1
6030 6670 1
5986 7451 1
5990 8120 1
5665 8043 1
6000 7323 1
5785 8488 1
5986 6500 1
5906 8926 1
5778 9195 1
5520 9516 1
5821 9073 1
5796 8195 1
5823 9646 1
5980 6169 1
4408 9838 1
5985 6481 1
6019 6044 1
6006 6678 1
5992 6564 1
203 9400 1
5016 8428 1
5821 8706 1
4864 8291 1
2126 8005 1
5982 6121 1
5950 7547 1
5955 7734 1
5844 9472 1
5946 7946 1
2129 9302 1
4722 9460 1
4408 9839 1
5064 8895 1
6026 6935 1
5937 6900 1
5995 8576 1
5944 7462 1
4155 9840 1
5919 8528 1
4263 9149 1
5821 8928 1
6015 8738 1
5945 7947 1
5844 8529 1
5919 6630 1
6030 6764 1
5821 7229 1
6006 7334 1
5940 7518 1
6026 6343 1
5785 8116 1
6026 6689 1
5778 8499 1
5821 8500 1
5127 7626 1
6015 7940 1
6013 7316 1
5991 7601 1
6029 6300 1
6026 8057 1
5953 7898 1
5778 7515 1
6026 7317 1
5814 8364 1
5635 9139 1
441 9841 1
5757 9146 1
5255 9342 1
3984 9843 1
6000 7023 1
5944 7079 1
5737 7213 1
4155 8686 1
5851 7450 1
5968 8960 1
1647 9583 1
5871 6795 1
3778 9829 1
4805 9504 1
1284 9393 1
6000 7260 1
6026 7218 1
5835 8091 1
6019 8259 1
4155 9845 1
5369 9478 1
64 9846 1
639 9804 1
5028 9764 1
6007 8092 1
5940 6762 1
4926 9289 1
64 9847 1
2187 9844 1
6027 7693 1
5985 6459 1
5265 9216 1
5611 9347 1
5782 8292 1
1148 9848 1
5841 7122 1
5044 9743 1
4937 9147 1
5796 9068 1
5324 8887 1
5731 8473 1
6026 6066 1
4961 9232 1
5175 9308 1
1643 8569 1
5881 6482 1
6003 7379 1
6030 6131 1
6026 8442 1
5875 9120 1
5957 7633 1
5944 8778 1
6027 7005 1
5928 8167 1
4779 9455 1
6026 8064 1
6015 6940 1
5944 8572 1
1927 9850 1
5950 8721 1
5971 6740 1
6030 6351 1
4074 9039 1
6026 7634 1
5990 7877 1
5785 7784 1
6022 7767 1
5564 8534 1
5669 7571 1
6009 7604 1
6013 6833 1
5753 6468 1
5875 6399 1
5887 9070 1
5795 8889 1
5595 8680 1
79 9585 1
5801 6636 1
5763 8482 1
5982 7382 1
6006 8366 1
5837 9546 1
5388 8419 1
6026 9086 1
5844 9852 1
4493 8838 1
596 9292 1
4595 8097 1
5944 7671 1
5995 8511 1
6001 7697 1
5919 8471 1
5944 8927 1
4155 9236 1
5971 8847 1
6026 7070 1
6003 7733 1
6006 6243 1
54 9853 1
1508 9854 1
4155 8834 1
6019 6731 1
658 9523 1
4726 9110 1
5992 6808 1
6026 6053 1
6030 6732 1
6001 6622 1
6026 7400 1
6026 6438 1
6011 6937 1
5992 9005 1
5712 9806 1
5707 7570 1
5971 9303 1
5940 7225 1
5828 9136 1
5821 7822 1
6006 7982 1
5739 9855 1
4284 9849 1
5880 7668 1
5317 9304 1
551 9856 1
5971 8762 1
5938 7669 1
6006 8260 1
5744 9674 1
5938 9237 1
5796 7466 1
6026 6945 1
5962 6825 1
5864 6089 1
6014 6946 1
5563 9156 1
6006 7713 1
6023 7775 1
6011 6580 1
6010 6634 1
6006 6832 1
6023 6583 1
5785 7714 1
5905 7985 1
669 9857 1
1009 9858 1
5906 8800 1
608 9859 1
110 9860 1
5982 6359 1
1811 9349 1
5990 6470 1
4567 9765 1
5223 8234 1
5067 8418 1
5785 7236 1
6026 6887 1
5986 8881 1
6008 7925 1
5976 7011 1
5971 8348 1
5968 7769 1
5992 7047 1
5932 7048 1
5818 8098 1
5955 7580 1
5954 7694 1
5990 9101 1
5962 7777 1
5482 8421 1
40 9862 1
1948 9709 1
4495 8802 1
5944 8822 1
754 9863 1
6014 6702 1
6026 7106 1
6026 6115 1
5938 8930 1
6001 6597 1
5968 7180 1
6014 7484 1
5944 9638 1
6006 6533 1
254 8206 1
5919 7738 1
6003 8425 1
6026 6276 1
5323 9280 1
2336 9865 1
5946 6757 1
5482 9260 1
5739 8135 1
4587 9837 1
5746 7108 1
6015 7485 1
6027 6215 1
5928 7931 1
5665 9261 1
1250 9866 1
6006 8138 1
5992 7114 1
344 9366 1
5944 7742 1
6026 8852 1
5990 7419 1
5997 8071 1
6030 6660 1
5940 7650 1
5938 6918 1
6008 7421 1
5944 8786 1
6026 6892 1
666 9867 1
5997 7744 1
2351 9794 1
5778 9138 1
4969 9869 1
6029 7118 1
5340 8855 1
5971 6988 1
5718 8361 1
5990 6718 1
6026 7093 1
5947 7526 1
6000 6058 1
5940 8046 1
5990 6851 1
5906 8622 1
5986 6305 1
5954 7616 1
5821 8371 1
5878 8884 1
2287 9461 1
6026 7148 1
6006 8656 1
6015 8362 1
5880 8437 1
5821 8464 1
5906 8931 1
4713 9409 1
5946 6171 1
6003 6726 1
6023 6645 1
5990 7529 1
5529 8404 1
507 6798 1
45 9870 1
4007 8520 1
505 9871 1
5978 6996 1
6004 6997 1
5997 7081 1
5870 7281 1
4601 7884 1
713 9872 1
5990 7487 1
6006 7497 1
6027 7430 1
5604 8145 1
6006 6424 1
5986 7802 1
5990 6182 1
5090 7848 1
6001 7433 1
5906 8146 1
5980 7157 1
5880 7992 1
6006 7903 1
5938 6128 1
762 9873 1
6026 6134 1
6006 6628 1
5975 7003 1
4922 9874 1
3262 9875 1
5938 8907 1
6000 7038 1
6029 6973 1
5992 8149 1
5992 8150 1
5777 7006 1
5525 8277 1
6006 7806 1
6026 8770 1
6027 7393 1
5971 8257 1
5938 6346 1
6006 7292 1
6026 6347 1
6026 7422 1
6030 6386 1
5906 6875 1
5821 7423 1
6026 7696 1
6006 6387 1
5907 9752 1
6026 6228 1
5990 6303 1
5821 7959 1
5516 7424 1
5972 6929 1
6026 7496 1
6002 7255 1
6017 6048 1
6003 8271 1
4147 9397 1
5670 8123 1
5506 8212 1
708 9682 1
6006 6676 1
4726 9587 1
5648 9296 1
1087 9876 1
5483 9155 1
6026 8247 1
4155 9877 1
5213 8175 1
5880 9318 1
5788 8213 1
5986 6803 1
2382 9878 1
5950 9354 1
6029 8606 1
6030 7392 1
6006 7990 1
3577 9588 1
5838 8964 1
5980 7747 1
3949 8942 1
288 9002 1
5944 7595 1
5876 8487 1
6022 8839 1
5491 8376 1
5988 8891 1
6025 8363 1
6027 6061 1
6026 6462 1
4824 9880 1
5954 8892 1
1346 9358 1
5992 7002 1
5721 6337 1
41 9268 1
6006 6217 1
6025 7037 1
5971 7071 1
5403 8700 1
5954 6905 1
6006 6765 1
4155 9430 1
416 9034 1
5976 7867 1
16 9881 1
5997 9098 1
4556 9590 1
6006 7807 1
5992 6943 1
5961 6944 1
206 9882 1
5507 9298 1
1507 9883 1
5827 7564 1
5946 6771 1
5959 6428 1
5999 6151 1
5357 8082 1
5954 8069 1
5782 7295 1
4390 9457 1
5946 9003 1
5816 7869 1
5255 9551 1
5665 9099 1
5975 7575 1
6003 8218 1
4372 9884 1
5968 8716 1
5529 6902 1
5509 7721 1
79 9885 1
5290 8154 1
574 9886 1
5980 7569 1
16 9887 1
6027 7046 1
6023 7810 1
6022 8434 1
5777 8981 1
5883 7428 1
5912 7665 1
41 9888 1
6014 7280 1
6027 8373 1
621 9889 1
5665 8723 1
4155 9890 1
6003 6679 1
337 9337 1
6026 6809 1
6006 7865 1
4155 9891 1
5870 6623 1
5126 8559 1
5507 8452 1
383 9577 1
5842 7831 1
5805 9514 1
6026 7687 1
2926 9579 1
5499 9691 1
4883 9355 1
5811 9229 1
5263 8147 1
5174 8617 1
3627 9892 1
384 9893 1
2275 9894 1
943 9895 1
6027 7702 1
279 9896 1
5835 9897 1
1049 9898 1
1548 9899 1
5878 8186 1
1053 9901 1
995 9902 1
5526 7620 1
5113 8658 1
3778 9420 1
5676 8744 1
2338 9828 1
5947 6692 1
6004 7161 1
6006 8439 1
5993 7293 1
5951 6355 1
6021 6830 1
5991 8580 1
5988 6952 1
5980 7936 1
6025 6360 1
6000 6259 1
5928 6695 1
6017 6361 1
6013 7574 1
6025 6063 1
5814 6696 1
5997 6232 1
6026 6589 1
6015 6841 1
5953 8219 1
5961 8048 1
5995 8110 1
5954 6748 1
5745 7655 1
5991 6524 1
5821 6647 1
6015 6433 1
5975 7302 1
5821 7622 1
5870 8508 1
6026 7177 1
5986 7375 1
5757 7998 1
4390 8714 1
1321 9903 1
1348 9904 1
203 9905 1
393 9906 1
5580 8223 1
6026 9656 1
5067 9687 1
5944 7666 1
5985 7623 1
5838 6904 1
6003 8777 1
5967 9907 1
6006 8780 1
4541 9908 1
49 8917 1
5844 9909 1
5458 8773 1
1534 9508 1
605 9910 1
5971 6280 1
3328 9911 1
6006 6250 1
5830 8225 1
6026 6511 1
5986 6465 1
5223 8024 1
1059 9562 1
5779 9225 1
425 9509 1
5155 9368 1
5971 8126 1
6000 8377 1
5778 6345 1
5969 9194 1
5918 7849 1
1492 9591 1
5246 9657 1
222 9912 1
2068 9914 1
5717 8080 1
5988 7544 1
4561 8565 1
5114 9252 1
4661 9058 1
1542 9592 1
2958 9557 1
1388 9915 1
5910 8083 1
6026 7676 1
5870 7296 1
5928 7720 1
5805 7996 1
6026 8153 1
5848 7439 1
6014 9632 1
2276 9916 1
5090 9517 1
6030 7395 1
5954 8566 1
201 9917 1
1131 9918 1
5934 9513 1
4969 8539 1
5453 6961 1
5950 7164 1
5992 7937 1
5997 8925 1
4961 9363 1
5968 9027 1
178 9919 1
6006 8468 1
383 9920 1
5944 9134 1
5971 7396 1
4484 8522 1
3697 9921 1
904 9922 1
5949 7505 1
5757 8285 1
209 9923 1
5758 7840 1
6000 7551 1
6030 6271 1
6006 6779 1
5993 7017 1
5992 6911 1
6022 6889 1
6026 8607 1
5870 6983 1
5993 6872 1
5491 8691 1
5970 8840 1
1413 9925 1
5821 6873 1
5992 9191 1
5616 8692 1
1903 9926 1
1417 9458 1
5676 7756 1
2025 9927 1
1402 9928 1
4367 9929 1
6027 8453 1
4155 9511 1
1025 9900 1
211 9930 1
3623 9931 1
5938 7585 1
5962 7971 1
6025 6146 1
5944 8187 1
6006 6967 1
5761 7815 1
5755 7247 1
5962 8689 1
6006 7907 1
5784 7318 1
5870 8335 1
5611 8705 1
6028 6717 1
6026 6555 1
5996 7726 1
5947 8113 1
5640 7725 1
5188 8109 1
4553 9655 1
5821 7753 1
6023 7197 1
6010 6883 1
5990 7086 1
4473 9932 1
6015 6263 1
5986 6164 1
4483 8828 1
676 9933 1
6006 8049 1
1284 9934 1
5752 8623 1
5723 8649 1
5954 8155 1
5835 6526 1
6026 6112 1
5090 9512 1
5912 7938 1
6030 6092 1
6026 7351 1
5512 6775 1
5993 7442 1
5871 6208 1
6025 8684 1
5884 9219 1
5830 8857 1
6003 8000 1
6008 7443 1
5944 7967 1
5884 8423 1
5945 8509 1
5944 8953 1
6010 6709 1
6015 8399 1
5188 7305 1
6020 6654 1
5907 6279 1
5737 7514 1
5898 7073 1
5997 8918 1
6014 9913 1
6000 7646 1
5992 8781 1
5036 8703 1
6026 8382 1
6006 6543 1
5768 9067 1
6006 6966 1
5992 6292 1
5756 6253 1
5696 8261 1
5570 8089 1
1591 9935 1
5614 8650 1
5967 8254 1
1366 9936 1
5980 9230 1
2926 9937 1
5976 6451 1
5971 7941 1
5143 9650 1
4319 9288 1
5821 7816 1
5979 6301 1
6027 7491 1
5990 6109 1
5992 7705 1
5692 8041 1
6027 6721 1
5968 9792 1
5507 9749 1
5665 8552 1
5970 8563 1
6015 6159 1
5905 7214 1
5986 7320 1
6020 6418 1
6006 7760 1
5986 6317 1
320 9377 1
5864 7781 1
5949 7360 1
5129 9798 1
1564 9759 1
5906 8725 1
5937 9440 1
6020 6561 1
131 9359 1
5005 9113 1
5840 9441 1
4563 9939 1
6022 6565 1
5954 9394 1
5980 8386 1
6006 8581 1
5991 6931 1
6026 6175 1
5814 6275 1
6026 7939 1
5908 6778 1
5991 6487 1
5993 7135 1
6030 6708 1
6006 8314 1
5938 7136 1
6027 6184 1
5762 7246 1
5988 6446 1
5744 8604 1
5979 6986 1
5982 6136 1
4635 8158 1
5821 7842 1
5938 7445 1
310 9940 1
5876 8795 1
6007 7074 1
5950 9135 1
6030 8409 1
5606 9941 1
4484 9644 1
6019 7498 1
5944 6715 1
6027 6663 1
6016 6642 1
6006 7140 1
5991 8503 1
621 9942 1
4877 9235 1
5938 9664 1
3172 9830 1
5985 7143 1
5967 7627 1
6006 6189 1
5820 7732 1
5712 7780 1
5792 7923 1
5303 7146 1
449 9943 1
4155 9944 1
6027 7449 1
5954 8611 1
6006 7398 1
6026 6926 1
6030 8410 1
6019 7688 1
6029 6991 1
5937 7944 1
6026 7026 1
6022 6614 1
5323 8411 1
5879 7250 1
5990 7094 1
5954 6725 1
5885 8906 1
201 9945 1
5918 9645 1
1004 9946 1
652 9947 1
5482 8977 1
64 9708 1
5746 7412 1
5985 7053 1
5815 6994 1
5589 8804 1
4641 9004 1
6006 8542 1
5900 9762 1
5786 7328 1
5937 8948 1
5997 9658 1
3984 9538 1
3802 9948 1
5937 6934 1
5962 8489 1
6003 6055 1
4155 7890 1
5820 9061 1
4074 9052 1
66 9950 1
301 9951 1
5840 6812 1
5542 9949 1
5146 9568 1
5841 9364 1
5501 8980 1
204 9952 1
5933 6817 1
6019 6340 1
5458 9953 1
5785 6341 1
5570 6510 1
382 9641 1
5954 8323 1
5820 6974 1
5918 8058 1
5507 6941 1
5912 8383 1
4139 9954 1
5950 9868 1
4490 9955 1
6003 6188 1
5912 9309 1
5944 7553 1
586 9956 1
5962 6385 1
4639 9924 1
5712 6191 1
4104 9654 1
5777 9017 1
5802 8385 1
5986 7817 1
6001 7212 1
5188 7629 1
5928 7678 1
5975 7249 1
5821 6099 1
5749 9055 1
5820 9958 1
5560 9367 1
5870 6437 1
5753 6454 1
337 8004 1
5712 9189 1
5260 8789 1
5992 9266 1
5802 7217 1
624 9959 1
515 9960 1
5368 9569 1
5968 7220 1
5584 7455 1
6006 6615 1
5164 9879 1
4635 8737 1
5986 6616 1
6006 6617 1
4843 6897 1
4272 9659 1
4567 9442 1
5670 8472 1
4497 9495 1
5101 8592 1
5882 7361 1
320 9102 1
4886 8867 1
5991 8504 1
203 9961 1
1334 9962 1
5248 9963 1
5759 8345 1
5992 7330 1
5151 8920 1
5303 9964 1
1382 9476 1
5595 6408 1
4449 7764 1
5587 8530 1
5778 8739 1
5423 7577 1
5558 8531 1
4548 8678 1
5423 8614 1
442 9938 1
5342 8790 1
5830 8322 1
5821 9069 1
4579 9083 1
5962 6349 1
5986 7355 1
5595 8117 1
5968 8583 1
5830 7008 1
5778 8443 1
5739 8574 1
5303 7983 1
5870 7924 1
5406 9351 1
5986 6950 1
5870 6190 1
5940 7776 1
5938 7404 1
5991 7009 1
5699 7879 1
3623 9965 1
5753 6835 1
5821 8388 1
5734 6839 1
5036 9243 1
4961 8837 1
5567 7342 1
5302 8189 1
5127 9022 1
5379 8575 1
5704 7343 1
5870 6588 1
5986 6432 1
5423 7761 1
6006 6323 1
5992 7029 1
6030 6324 1
5968 6325 1
5604 7762 1
5704 7030 1
5600 7945 1
5802 7325 1
5604 9324 1
5821 7545 1
5830 8796 1
5802 7555 1
5398 6504 1
5400 8454 1
5384 8951 1
5986 9074 1
5785 6247 1
5928 8163 1
5097 8933 1
4798 8164 1
4483 8797 1
2052 9966 1
5986 6575 1
5992 8196 1
5267 7001 1
5080 8561 1
5777 6938 1
5968 8006 1
5616 8441 1
5734 8008 1
5851 8165 1
5459 8896 1
5991 6939 1
5665 9208 1
5992 7494 1
5303 8166 1
5633 9477 1
6006 7464 1
5309 8763 1
5713 6739 1
5604 7245 1
5938 7402 1
5482 7413 1
5864 7362 1
5737 6770 1
6006 8484 1
5592 7844 1
17 9967 1
4151 8031 1
2859 9968 1
5986 6256 1
5913 7603 1
5988 6203 1
5968 7845 1
5917 6517 1
4850 9411 1
4943 9422 1
5604 8934 1
5051 9426 1
5778 6954 1
4793 9338 1
4047 9969 1
5699 7857 1
5821 7735 1
4793 8979 1
5416 8687 1
5127 7519 1
5016 7987 1
5245 6882 1
5777 6750 1
5821 7129 1
1242 9970 1
5416 8711 1
5174 8854 1
5091 9262 1
4567 8949 1
1223 9365 1
5075 9957 1
2359 9971 1
4854 9766 1
5616 9226 1
4955 9529 1
6006 8171 1
5981 7846 1
5876 6410 1
5928 6177 1
5626 6906 1
5938 7588 1
5991 8605 1
5528 9217 1
5945 7685 1
5615 7792 1
5986 6201 1
5423 7900 1
6006 8865 1
4263 8265 1
4291 7358 1
5986 7111 1
5402 6125 1
3777 9233 1
5665 8197 1
5986 7332 1
5090 9861 1
5302 8921 1
4514 8888 1
4497 8831 1
5821 8722 1
5992 7401 1
5962 6687 1
5821 8836 1
5968 8609 1
5657 7160 1
5992 7910 1
5438 8457 1
759 9972 1
5821 8184 1
4950 8733 1
4692 9864 1
6006 8065 1
5376 9012 1
5620 7042 1
5384 8297 1
4485 8395 1
5611 8922 1
5672 8429 1
5868 7414 1
5821 7043 1
132 9584 1
395 9973 1
5868 9071 1
5831 8032 1
4497 9234 1
4272 9290 1
6006 8188 1
5778 7341 1
5992 6881 1
4433 8603 1
4367 8535 1
4332 8241 1
5778 8536 1
5862 8190 1
77 9974 1
4419 9089 1
5802 6959 1
5090 9505 1
5570 7988 1
5136 9746 1
4155 9378 1
5044 9041 1
5090 9751 1
5592 8446 1
5802 7015 1
4155 7951 1
5384 9510 1
4581 8776 1
843 9975 1
5259 8430 1
5257 8447 1
5917 7912 1
951 8018 1
5672 7252 1
5938 9250 1
5985 6486 1
5483 7051 1
5529 8134 1
201 9842 1
912 8264 1
5859 6096 1
5862 6652 1
4641 8368 1
5387 7662 1
5802 8256 1
5830 7137 1
5555 9293 1
110 9976 1
114 9851 1
5986 6539 1
2275 8945 1
5713 6489 1
788 9144 1
1305 9977 1
5986 7674 1
361 9013 1
5570 7892 1
221 9339 1
4740 8972 1
1374 9586 1
4831 9978 1
5357 6549 1
64 9761 1
1773 9014 1
77 8835 1
5962 8360 1
6006 8646 1
4435 7837 1
5547 8020 1
5986 6406 1
4435 8693 1
2092 9979 1
4579 9215 1
5349 7835 1
135 8298 1
5727 9075 1
110 9980 1
4856 9981 1
4823 8011 1
1681 9982 1
5712 7729 1
6006 8899 1
6006 7880 1
5940 7405 1
4922 8774 1
5384 7711 1
5988 7582 1
5529 8169 1
5724 6265 1
5644 7652 1
4969 7345 1
4246 8537 1
4939 6754 1
4929 7770 1
4773 8104 1
4476 8820 1
1838 8775 1
5529 8170 1
4969 7771 1
5821 6528 1
3949 8056 1
5090 7474 1
4969 7264 1
5384 8514 1
4804 7659 1
4155 8516 1
3858 9315 1
3925 8785 1
4760 8477 1
5821 7791 1
843 7709 1
4969 8866 1
4969 9112 1
2052 7740 1
254 7920 1
4969 6884 1
1148 9211 1
5402 8944 1
5307 7695 1
4823 8992 1
5986 6282 1
5939 7731 1
5679 8625 1
4715 8139 1
5465 7254 1
1094 9983 1
168 9984 1
904 9985 1
2959 9986 1
932 9987 1
1009 9988 1
3168 9989 1
285 9990 1
1147 9991 1
1518 9992 1
586 9993 1
655 9994 1
201 9995 1
3106 9996 1
344 9997 1
292 9998 1
317 9999 1
56 10000 1
656 10001 1
2105 10002 1
754 10003 1
442 10004 1
308 10005 1
1385 10006 1
361 10007 1
792 10008 1
2138 10009 1
852 10010 1
2163 10011 1
65 10012 1
145 10013 1
425 10014 1
383 10015 1
10 10016 1
110 10017 1
1305 10018 1
932 10019 1
655 10020 1
323 10021 1
655 10022 1
344 10023 1
761 10024 1
904 10025 1
337 10026 1
2832 10027 1
2893 10028 1
1334 10029 1
1759 10030 1
1121 10031 1
543 10032 1
2354 10033 1
325 10034 1
27 10035 1
1439 10036 1
28 10037 1
3168 10038 1
1617 10039 1
491 10040 1
244 10041 1
292 10042 1
384 10043 1
1400 10044 1
1348 10045 1
842 10046 1
2734 10047 1
1382 10048 1
63 10049 1
2917 10050 1
2917 10051 1
382 10052 1
122 10053 1
583 10054 1
327 10055 1
842 10056 1
320 10057 1
201 10058 1
1967 10059 1
49 10060 1
2052 10061 1
416 10062 1
932 10063 1
113 10064 1
110 10065 1
1858 10066 1
1432 10067 1
54 10068 1
1384 10069 1
904 10070 1
3701 10071 1
204 10072 1
1382 10073 1
2187 10074 1
3908 10075 1
64 10076 1
346 10077 1
932 10078 1
951 10079 1
1334 10080 1
54 10081 1
454 10082 1
1385 10083 1
1399 10084 1
200 10085 1
2152 10086 1
382 10087 1
656 10088 1
528 10089 1
54 10090 1
3908 10091 1
579 10092 1
203 10093 1
383 10094 1
424 10095 1
285 10096 1
110 10097 1
1838 10098 1
3308 10099 1
903 10100 1
1115 10101 1
209 10102 1
1680 10103 1
575 10104 1
1191 10105 1
963 10106 1
335 10107 1
77 10108 1
1326 10109 1
321 10110 1
18 10111 1
64 10112 1
1980 10113 1
281 10114 1
1649 10115 1
860 10116 1
1113 10117 1
2388 10118 1
828 10119 1
986 10120 1
2327 10121 1
308 10122 1
310 10123 1
2234 10124 1
84 10125 1
1382 10126 1
382 10127 1
143 10128 1
54 10129 1
3374 10130 1
337 10131 1
3464 10132 1
135 10133 1
122 10134 1
2941 10135 1
2186 10136 1
281 10137 1
381 10138 1
132 10139 1
591 10140 1
647 10141 1
2917 10142 1
1334 10143 1
1366 10144 1
1377 10145 1
56 10146 1
444 10147 1
140 10148 1
1529 10149 1
71 10150 1
279 10151 1
904 10152 1
697 10153 1
655 10154 1
1921 10155 1
655 10156 1
3454 10157 1
39 10158 1
2057 10159 1
557 10160 1
1472 10161 1
384 10162 1
368 10163 1
1449 10164 1
3893 10165 1
383 10166 1
308 10167 1
1626 10168 1
1402 10169 1
1334 10170 1
853 10171 1
2347 10172 1
1075 10173 1
995 10174 1
19 10175 1
3109 10176 1
3911 10177 1
209 10178 1
3238 10179 1
842 10180 1
1417 10181 1
1051 10182 1
759 10183 1
1179 10184 1
1562 10185 1
41 10186 1
143 10187 1
1283 10188 1
65 10189 1
207 10190 1
1423 10191 1
2275 10192 1
583 10193 1
932 10194 1
492 10195 1
246 10196 1
1334 10197 1
2722 10198 1
451 10199 1
1100 10200 1
64 10201 1
363 10202 1
605 10203 1
279 10204 1
2917 10205 1
39 10206 1
281 10207 1
1068 10208 1
1097 10209 1
64 10210 1
1820 10211 1
29 10212 1
2275 10213 1
823 10214 1
510 10215 1
1193 10216 1
2354 10217 1
441 10218 1
3372 10219 1
536 10220 1
1259 10221 1
143 10222 1
1776 10223 1
325 10224 1
2208 10225 1
325 10226 1
309 10227 1
2052 10228 1
518 10229 1
2157 10230 1
200 10231 1
737 10232 1
320 10233 1
442 10234 1
1564 10235 1
2833 10236 1
1190 10237 1
1174 10238 1
424 10239 1
624 10240 1
1009 10241 1
1472 10242 1
655 10243 1
3145 10244 1
1148 10245 1
2958 10246 1
201 10247 1
1620 10248 1
3440 10249 1
344 10250 1
441 10251 1
64 10252 1
64 10253 1
1439 10254 1
1344 10255 1
2 10256 1
117 10257 1
361 10258 1
1391 10259 1
1009 10260 1
355 10261 1
1626 10262 1
135 10263 1
229 10264 1
293 10265 1
743 10266 1
382 10267 1
511 10268 1
2917 10269 1
270 10270 1
2427 10271 1
454 10272 1
1865 10273 1
110 10274 1
1519 10275 1
1417 10276 1
1109 10277 1
294 10278 1
1553 10279 1
579 10280 1
973 10281 1
382 10282 1
2907 10283 1
13 10284 1
2917 10285 1
1191 10286 1
8 10287 1
327 10288 1
3890 10289 1
496 10290 1
1391 10291 1
655 10292 1
414 10293 1
373 10294 1
1374 10295 1
723 10296 1
487 10297 1
829 10298 1
1388 10299 1
2925 10300 1
655 10301 1
1820 10302 1
2247 10303 1
313 10304 1
441 10305 1
1408 10306 1
2112 10307 1
367 10308 1
2276 10309 1
823 10310 1
1388 10311 1
2927 10312 1
1417 10313 1
294 10314 1
655 10315 1
143 10316 1
442 10317 1
2958 10318 1
207 10319 1
440 10320 1
108 10321 1
716 10322 1
3174 10323 1
1417 10324 1
2576 10325 1
143 10326 1
2205 10327 1
2971 10328 1
382 10329 1
1370 10330 1
3880 10331 1
1148 10332 1
789 10333 1
281 10334 1
1667 10335 1
2796 10336 1
2185 10337 1
325 10338 1
428 10339 1
551 10340 1
3577 10341 1
321 10342 1
440 10343 1
1626 10344 1
919 10345 1
171 10346 1
1263 10347 1
2959 10348 1
382 10349 1
112 10350 1
2185 10351 1
655 10352 1
2078 10353 1
277 10354 1
1688 10355 1
10 10356 1
3466 10357 1
583 10358 1
1820 10359 1
454 10360 1
401 10361 1
1796 10362 1
789 10363 1
207 10364 1
655 10365 1
1337 10366 1
1449 10367 1
2578 10368 1
3275 10369 1
1884 10370 1
442 10371 1
17 10372 1
1363 10373 1
484 10374 1
344 10375 1
1417 10376 1
1229 10377 1
1647 10378 1
1862 10379 1
1616 10380 1
108 10381 1
995 10382 1
213 10383 1
1220 10384 1
1417 10385 1
676 10386 1
548 10387 1
1324 10388 1
774 10389 1
135 10390 1
119 10391 1
823 10392 1
1401 10393 1
655 10394 1
2927 10395 1
852 10396 1
293 10397 1
1509 10398 1
722 10399 1
363 10400 1
1592 10401 1
406 10402 1
2647 10403 1
2876 10404 1
655 10405 1
209 10406 1
1399 10407 1
2597 10408 1
629 10409 1
572 10410 1
143 10411 1
1553 10412 1
382 10413 1
789 10414 1
3675 10415 1
1388 10416 1
560 10417 1
579 10418 1
1956 10419 1
1820 10420 1
100 10421 1
3377 10422 1
427 10423 1
3746 10424 1
64 10425 1
374 10426 1
0 10427 1
54 10428 1
65 10429 1
260 10430 1
287 10431 1
995 10432 1
382 10433 1
382 10434 1
2383 10435 1
624 10436 1
1606 10437 1
383 10438 1
297 10439 1
441 10440 1
1492 10441 1
382 10442 1
2592 10443 1
143 10444 1
663 10445 1
1543 10446 1
1494 10447 1
384 10448 1
294 10449 1
988 10450 1
574 10451 1
1449 10452 1
381 10453 1
56 10454 1
3006 10455 1
1432 10456 1
227 10457 1
2154 10458 1
212 10459 1
537 10460 1
598 10461 1
0 10462 1
64 10463 1
2275 10464 1
440 10465 1
1432 10466 1
209 10467 1
279 10468 1
1265 10469 1
572 10470 1
657 10471 1
1432 10472 1
310 10473 1
414 10474 1
213 10475 1
1374 10476 1
655 10477 1
163 10478 1
1524 10479 1
763 10480 1
209 10481 1
2907 10482 1
2204 10483 1
995 10484 1
639 10485 1
1495 10486 1
442 10487 1
119 10488 1
629 10489 1
1820 10490 1
135 10491 1
112 10492 1
1600 10493 1
2917 10494 1
327 10495 1
1731 10496 1
1760 10497 1
382 10498 1
445 10499 1
294 10500 1
1501 10501 1
995 10502 1
1529 10503 1
2429 10504 1
803 10505 1
265 10506 1
203 10507 1
676 10508 1
135 10509 1
697 10510 1
852 10511 1
1776 10512 1
1619 10513 1
1313 10514 1
209 10515 1
1255 10516 1
2579 10517 1
1009 10518 1
1993 10519 1
3891 10520 1
1540 10521 1
1189 10522 1
659 10523 1
279 10524 1
1148 10525 1
3269 10526 1
403 10527 1
327 10528 1
206 10529 1
1250 10530 1
206 10531 1
842 10532 1
2725 10533 1
669 10534 1
1148 10535 1
135 10536 1
1895 10537 1
403 10538 1
3552 10539 1
721 10540 1
325 10541 1
1148 10542 1
598 10543 1
1493 10544 1
1167 10545 1
599 10546 1
403 10547 1
382 10548 1
187 10549 1
2154 10550 1
2964 10551 1
1963 10552 1
3453 10553 1
930 10554 1
788 10555 1
1388 10556 1
294 10557 1
723 10558 1
1051 10559 1
454 10560 1
449 10561 1
505 10562 1
1148 10563 1
823 10564 1
1506 10565 1
780 10566 1
548 10567 1
1294 10568 1
382 10569 1
1348 10570 1
2121 10571 1
2312 10572 1
1143 10573 1
265 10574 1
518 10575 1
1318 10576 1
454 10577 1
723 10578 1
859 10579 1
1769 10580 1
2970 10581 1
441 10582 1
744 10583 1
1579 10584 1
1506 10585 1
1190 10586 1
2162 10587 1
2018 10588 1
1191 10589 1
1522 10590 1
375 10591 1
912 10592 1
440 10593 1
497 10594 1
320 10595 1
108 10596 1
2581 10597 1
1388 10598 1
800 10599 1
1480 10600 1
2383 10601 1
225 10602 1
17 10603 1
415 10604 1
292 10605 1
2828 10606 1
986 10607 1
676 10608 1
77 10609 1
383 10610 1
1865 10611 1
490 10612 1
381 10613 1
3878 10614 1
382 10615 1
1688 10616 1
325 10617 1
425 10618 1
676 10619 1
1456 10620 1
451 10621 1
279 10622 1
1491 10623 1
823 10624 1
2965 10625 1
2256 10626 1
39 10627 1
995 10628 1
227 10629 1
577 10630 1
2522 10631 1
1388 10632 1
209 10633 1
2329 10634 1
504 10635 1
1528 10636 1
1040 10637 1
647 10638 1
382 10639 1
382 10640 1
572 10641 1
1490 10642 1
1503 10643 1
598 10644 1
292 10645 1
1383 10646 1
336 10647 1
336 10648 1
3769 10649 1
611 10650 1
1820 10651 1
1688 10652 1
1250 10653 1
823 10654 1
2958 10655 1
2143 10656 1
2247 10657 1
74 10658 1
755 10659 1
1171 10660 1
293 10661 1
2370 10662 1
454 10663 1
1051 10664 1
2988 10665 1
1250 10666 1
108 10667 1
1592 10668 1
1191 10669 1
617 10670 1
2340 10671 1
2411 10672 1
1374 10673 1
209 10674 1
26 10675 1
2029 10676 1
163 10677 1
738 10678 1
1428 10679 1
108 10680 1
2587 10681 1
662 10682 1
2234 10683 1
65 10684 1
1459 10685 1
382 10686 1
845 10687 1
1571 10688 1
1480 10689 1
135 10690 1
3871 10691 1
963 10692 1
2278 10693 1
211 10694 1
227 10695 1
624 10696 1
52 10697 1
1524 10698 1
528 10699 1
279 10700 1
3374 10701 1
1076 10702 1
0 10703 1
2990 10704 1
1697 10705 1
522 10706 1
663 10707 1
639 10708 1
3359 10709 1
1579 10710 1
993 10711 1
163 10712 1
610 10713 1
1591 10714 1
1731 10715 1
1613 10716 1
653 10717 1
611 10718 1
2455 10719 1
900 10720 1
393 10721 1
1408 10722 1
39 10723 1
645 10724 1
1802 10725 1
493 10726 1
655 10727 1
258 10728 1
1391 10729 1
279 10730 1
151 10731 1
2853 10732 1
293 10733 1
583 10734 1
1065 10735 1
853 10736 1
774 10737 1
1776 10738 1
440 10739 1
1482 10740 1
888 10741 1
983 10742 1
1190 10743 1
2035 10744 1
842 10745 1
1091 10746 1
383 10747 1
108 10748 1
1674 10749 1
39 10750 1
582 10751 1
48 10752 1
2082 10753 1
2150 10754 1
532 10755 1
1507 10756 1
403 10757 1
2220 10758 1
1148 10759 1
1417 10760 1
414 10761 1
382 10762 1
428 10763 1
382 10764 1
1480 10765 1
209 10766 1
663 10767 1
3403 10768 1
537 10769 1
984 10770 1
1070 10771 1
2959 10772 1
1645 10773 1
1164 10774 1
382 10775 1
548 10776 1
442 10777 1
1390 10778 1
603 10779 1
403 10780 1
327 10781 1
45 10782 1
383 10783 1
2990 10784 1
1812 10785 1
424 10786 1
8 10787 1
361 10788 1
382 10789 1
1571 10790 1
520 10791 1
152 10792 1
1592 10793 1
379 10794 1
454 10795 1
258 10796 1
434 10797 1
1531 10798 1
3533 10799 1
1428 10800 1
786 10801 1
3872 10802 1
150 10803 1
697 10804 1
1265 10805 1
917 10806 1
390 10807 1
2092 10808 1
721 10809 1
988 10810 1
14 10811 1
2975 10812 1
826 10813 1
1760 10814 1
1284 10815 1
1382 10816 1
293 10817 1
1374 10818 1
1091 10819 1
1786 10820 1
993 10821 1
9 10822 1
29 10823 1
3386 10824 1
855 10825 1
309 10826 1
344 10827 1
2971 10828 1
2894 10829 1
135 10830 1
207 10831 1
1743 10832 1
611 10833 1
3533 10834 1
454 10835 1
106 10836 1
305 10837 1
2990 10838 1
401 10839 1
1436 10840 1
2162 10841 1
281 10842 1
454 10843 1
2958 10844 1
912 10845 1
1143 10846 1
294 10847 1
1149 10848 1
108 10849 1
2925 10850 1
704 10851 1
454 10852 1
418 10853 1
64 10854 1
150 10855 1
789 10856 1
317 10857 1
2988 10858 1
1442 10859 1
39 10860 1
2341 10861 1
2185 10862 1
1004 10863 1
163 10864 1
1250 10865 1
583 10866 1
3195 10867 1
454 10868 1
39 10869 1
1148 10870 1
789 10871 1
713 10872 1
1148 10873 1
613 10874 1
1927 10875 1
3290 10876 1
152 10877 1
491 10878 1
252 10879 1
823 10880 1
74 10881 1
663 10882 1
1544 10883 1
3262 10884 1
748 10885 1
1408 10886 1
973 10887 1
642 10888 1
62 10889 1
492 10890 1
1442 10891 1
336 10892 1
756 10893 1
1279 10894 1
1534 10895 1
2984 10896 1
762 10897 1
119 10898 1
383 10899 1
2370 10900 1
39 10901 1
542 10902 1
3891 10903 1
50 10904 1
3504 10905 1
504 10906 1
766 10907 1
1858 10908 1
135 10909 1
2383 10910 1
1319 10911 1
252 10912 1
1484 10913 1
1191 10914 1
3703 10915 1
106 10916 1
1148 10917 1
441 10918 1
454 10919 1
3769 10920 1
3727 10921 1
106 10922 1
1077 10923 1
1148 10924 1
72 10925 1
1267 10926 1
207 10927 1
486 10928 1
383 10929 1
327 10930 1
1697 10931 1
1384 10932 1
1636 10933 1
1374 10934 1
440 10935 1
2029 10936 1
1348 10937 1
308 10938 1
309 10939 1
505 10940 1
1173 10941 1
258 10942 1
0 10943 1
809 10944 1
209 10945 1
1391 10946 1
2986 10947 1
344 10948 1
572 10949 1
3798 10950 1
17 10951 1
1275 10952 1
1030 10953 1
2134 10954 1
465 10955 1
2702 10956 1
260 10957 1
209 10958 1
3192 10959 1
1471 10960 1
661 10961 1
34 10962 1
762 10963 1
110 10964 1
3585 10965 1
1880 10966 1
2094 10967 1
235 10968 1
102 10969 1
135 10970 1
258 10971 1
279 10972 1
379 10973 1
39 10974 1
1065 10975 1
2647 10976 1
1023 10977 1
3902 10978 1
293 10979 1
146 10980 1
1492 10981 1
1274 10982 1
281 10983 1
265 10984 1
1812 10985 1
207 10986 1
2990 10987 1
372 10988 1
106 10989 1
3552 10990 1
143 10991 1
1967 10992 1
2007 10993 1
1148 10994 1
823 10995 1
557 10996 1
2219 10997 1
1167 10998 1
173 10999 1
1684 11000 1
48 11001 1
792 11002 1
1017 11003 1
1263 11004 1
207 11005 1
3552 11006 1
724 11007 1
2631 11008 1
1878 11009 1
1471 11010 1
1313 11011 1
1035 11012 1
66 11013 1
3379 11014 1
336 11015 1
293 11016 1
39 11017 1
113 11018 1
1077 11019 1
281 11020 1
293 11021 1
535 11022 1
65 11023 1
986 11024 1
2647 11025 1
3552 11026 1
1897 11027 1
3014 11028 1
1348 11029 1
1525 11030 1
1384 11031 1
108 11032 1
565 11033 1
414 11034 1
2986 11035 1
2919 11036 1
667 11037 1
279 11038 1
279 11039 1
3838 11040 1
3013 11041 1
1348 11042 1
3405 11043 1
279 11044 1
789 11045 1
518 11046 1
166 11047 1
2370 11048 1
583 11049 1
572 11050 1
1812 11051 1
131 11052 1
3897 11053 1
406 11054 1
237 11055 1
812 11056 1
319 11057 1
609 11058 1
84 11059 1
8 11060 1
64 11061 1
1305 11062 1
65 11063 1
560 11064 1
108 11065 1
3580 11066 1
454 11067 1
294 11068 1
2959 11069 1
207 11070 1
17 11071 1
17 11072 1
1068 11073 1
309 11074 1
1348 11075 1
403 11076 1
993 11077 1
1490 11078 1
1384 11079 1
442 11080 1
3249 11081 1
627 11082 1
327 11083 1
1357 11084 1
751 11085 1
308 11086 1
1408 11087 1
2219 11088 1
2219 11089 1
270 11090 1
1014 11091 1
293 11092 1
1229 11093 1
308 11094 1
428 11095 1
424 11096 1
374 11097 1
1052 11098 1
243 11099 1
135 11100 1
3244 11101 1
279 11102 1
320 11103 1
403 11104 1
279 11105 1
209 11106 1
1388 11107 1
133 11108 1
598 11109 1
3533 11110 1
2169 11111 1
1545 11112 1
319 11113 1
1305 11114 1
1091 11115 1
1148 11116 1
64 11117 1
1613 11118 1
1408 11119 1
676 11120 1
281 11121 1
846 11122 1
826 11123 1
3049 11124 1
3157 11125 1
382 11126 1
327 11127 1
436 11128 1
108 11129 1
1143 11130 1
1862 11131 1
206 11132 1
1519 11133 1
505 11134 1
293 11135 1
368 11136 1
1438 11137 1
812 11138 1
2601 11139 1
65 11140 1
2986 11141 1
2667 11142 1
2057 11143 1
133 11144 1
441 11145 1
424 11146 1
1607 11147 1
294 11148 1
1506 11149 1
611 11150 1
1506 11151 1
900 11152 1
1525 11153 1
2078 11154 1
3878 11155 1
830 11156 1
616 11157 1
505 11158 1
279 11159 1
2569 11160 1
106 11161 1
152 11162 1
1626 11163 1
522 11164 1
577 11165 1
1688 11166 1
1528 11167 1
1653 11168 1
280 11169 1
108 11170 1
862 11171 1
1374 11172 1
1862 11173 1
627 11174 1
3584 11175 1
1083 11176 1
717 11177 1
75 11178 1
105 11179 1
3401 11180 1
454 11181 1
3049 11182 1
1191 11183 1
492 11184 1
442 11185 1
642 11186 1
1357 11187 1
1280 11188 1
168 11189 1
2859 11190 1
453 11191 1
793 11192 1
2204 11193 1
293 11194 1
3594 11195 1
1091 11196 1
336 11197 1
528 11198 1
209 11199 1
292 11200 1
3891 11201 1
1492 11202 1
66 11203 1
992 11204 1
823 11205 1
200 11206 1
1865 11207 1
1528 11208 1
206 11209 1
1148 11210 1
441 11211 1
1519 11212 1
390 11213 1
45 11214 1
1820 11215 1
39 11216 1
2204 11217 1
39 11218 1
279 11219 1
217 11220 1
14 11221 1
604 11222 1
382 11223 1
112 11224 1
3574 11225 1
856 11226 1
1301 11227 1
1963 11228 1
542 11229 1
209 11230 1
442 11231 1
1300 11232 1
65 11233 1
1820 11234 1
2220 11235 1
305 11236 1
1172 11237 1
213 11238 1
442 11239 1
697 11240 1
207 11241 1
441 11242 1
292 11243 1
1004 11244 1
392 11245 1
442 11246 1
1382 11247 1
39 11248 1
209 11249 1
2959 11250 1
1148 11251 1
1390 11252 1
953 11253 1
2578 11254 1
3853 11255 1
2959 11256 1
1515 11257 1
0 11258 1
1686 11259 1
763 11260 1
1270 11261 1
453 11262 1
1284 11263 1
572 11264 1
3376 11265 1
212 11266 1
18 11267 1
440 11268 1
697 11269 1
822 11270 1
1366 11271 1
327 11272 1
1035 11273 1
361 11274 1
2774 11275 1
369 11276 1
611 11277 1
3163 11278 1
64 11279 1
1223 11280 1
1059 11281 1
440 11282 1
3874 11283 1
792 11284 1
1496 11285 1
1760 11286 1
1322 11287 1
90 11288 1
54 11289 1
3409 11290 1
3364 11291 1
1298 11292 1
1967 11293 1
135 11294 1
2292 11295 1
441 11296 1
2205 11297 1
3864 11298 1
3409 11299 1
3834 11300 1
1091 11301 1
62 11302 1
2162 11303 1
308 11304 1
1318 11305 1
62 11306 1
66 11307 1
692 11308 1
382 11309 1
39 11310 1
617 11311 1
1097 11312 1
1820 11313 1
696 11314 1
317 11315 1
3379 11316 1
135 11317 1
252 11318 1
1081 11319 1
946 11320 1
853 11321 1
1453 11322 1
292 11323 1
912 11324 1
384 11325 1
2853 11326 1
56 11327 1
106 11328 1
792 11329 1
403 11330 1
207 11331 1
713 11332 1
663 11333 1
441 11334 1
382 11335 1
2017 11336 1
803 11337 1
1585 11338 1
318 11339 1
318 11340 1
391 11341 1
762 11342 1
1895 11343 1
1348 11344 1
1781 11345 1
3880 11346 1
1492 11347 1
442 11348 1
66 11349 1
1969 11350 1
1385 11351 1
2169 11352 1
106 11353 1
418 11354 1
753 11355 1
1469 11356 1
207 11357 1
33 11358 1
1492 11359 1
1531 11360 1
441 11361 1
39 11362 1
1143 11363 1
1564 11364 1
1255 11365 1
542 11366 1
1348 11367 1
661 11368 1
492 11369 1
1288 11370 1
2139 11371 1
787 11372 1
227 11373 1
3387 11374 1
3392 11375 1
280 11376 1
1554 11377 1
61 11378 1
1361 11379 1
336 11380 1
390 11381 1
1017 11382 1
1275 11383 1
1812 11384 1
293 11385 1
2253 11386 1
320 11387 1
324 11388 1
378 11389 1
105 11390 1
610 11391 1
2247 11392 1
433 11393 1
1305 11394 1
1276 11395 1
52 11396 1
403 11397 1
681 11398 1
2092 11399 1
319 11400 1
1443 11401 1
515 11402 1
41 11403 1
414 11404 1
2560 11405 1
511 11406 1
308 11407 1
986 11408 1
105 11409 1
297 11410 1
528 11411 1
390 11412 1
3816 11413 1
246 11414 1
1148 11415 1
818 11416 1
762 11417 1
208 11418 1
279 11419 1
2173 11420 1
1395 11421 1
528 11422 1
2143 11423 1
163 11424 1
382 11425 1
1148 11426 1
444 11427 1
1598 11428 1
29 11429 1
297 11430 1
2240 11431 1
3263 11432 1
1190 11433 1
209 11434 1
64 11435 1
3163 11436 1
697 11437 1
1065 11438 1
3584 11439 1
986 11440 1
293 11441 1
3013 11442 1
1193 11443 1
209 11444 1
445 11445 1
1458 11446 1
1749 11447 1
2958 11448 1
1052 11449 1
1107 11450 1
1459 11451 1
1017 11452 1
1274 11453 1
454 11454 1
995 11455 1
1620 11456 1
2383 11457 1
66 11458 1
845 11459 1
1471 11460 1
3777 11461 1
441 11462 1
429 11463 1
313 11464 1
986 11465 1
38 11466 1
279 11467 1
1148 11468 1
294 11469 1
1431 11470 1
1052 11471 1
84 11472 1
106 11473 1
1430 11474 1
206 11475 1
3879 11476 1
250 11477 1
1982 11478 1
442 11479 1
1760 11480 1
961 11481 1
1148 11482 1
823 11483 1
2609 11484 1
84 11485 1
209 11486 1
2135 11487 1
1492 11488 1
1760 11489 1
62 11490 1
1278 11491 1
3315 11492 1
1967 11493 1
976 11494 1
65 11495 1
3855 11496 1
1820 11497 1
583 11498 1
1812 11499 1
3504 11500 1
540 11501 1
106 11502 1
840 11503 1
486 11504 1
1492 11505 1
3308 11506 1
379 11507 1
2876 11508 1
1441 11509 1
2078 11510 1
2152 11511 1
207 11512 1
363 11513 1
1524 11514 1
308 11515 1
135 11516 1
1564 11517 1
1449 11518 1
319 11519 1
838 11520 1
1275 11521 1
145 11522 1
1963 11523 1
767 11524 1
299 11525 1
1 11526 1
1348 11527 1
280 11528 1
316 11529 1
14 11530 1
697 11531 1
207 11532 1
425 11533 1
1469 11534 1
376 11535 1
1564 11536 1
327 11537 1
2 11538 1
1278 11539 1
3492 11540 1
436 11541 1
1554 11542 1
487 11543 1
318 11544 1
64 11545 1
3381 11546 1
2078 11547 1
29 11548 1
530 11549 1
1820 11550 1
779 11551 1
3019 11552 1
209 11553 1
847 11554 1
2163 11555 1
1495 11556 1
90 11557 1
1233 11558 1
3776 11559 1
1091 11560 1
279 11561 1
115 11562 1
390 11563 1
320 11564 1
1385 11565 1
794 11566 1
2383 11567 1
207 11568 1
1492 11569 1
249 11570 1
2558 11571 1
520 11572 1
336 11573 1
731 11574 1
206 11575 1
1082 11576 1
1321 11577 1
1097 11578 1
1301 11579 1
792 11580 1
3467 11581 1
3838 11582 1
279 11583 1
106 11584 1
207 11585 1
1374 11586 1
441 11587 1
2308 11588 1
627 11589 1
1351 11590 1
208 11591 1
296 11592 1
540 11593 1
2308 11594 1
490 11595 1
275 11596 1
1675 11597 1
1440 11598 1
83 11599 1
209 11600 1
3405 11601 1
1768 11602 1
1674 11603 1
207 11604 1
1295 11605 1
454 11606 1
3859 11607 1
731 11608 1
57 11609 1
41 11610 1
717 11611 1
2513 11612 1
209 11613 1
486 11614 1
1284 11615 1
390 11616 1
961 11617 1
3150 11618 1
2630 11619 1
440 11620 1
320 11621 1
207 11622 1
1348 11623 1
1442 11624 1
1399 11625 1
206 11626 1
281 11627 1
583 11628 1
29 11629 1
1462 11630 1
855 11631 1
102 11632 1
1301 11633 1
279 11634 1
569 11635 1
3676 11636 1
73 11637 1
2 11638 1
3574 11639 1
1724 11640 1
961 11641 1
152 11642 1
1348 11643 1
2248 11644 1
84 11645 1
2853 11646 1
557 11647 1
14 11648 1
882 11649 1
1223 11650 1
1284 11651 1
616 11652 1
3381 11653 1
487 11654 1
401 11655 1
154 11656 1
207 11657 1
1130 11658 1
2647 11659 1
155 11660 1
320 11661 1
84 11662 1
206 11663 1
275 11664 1
1024 11665 1
403 11666 1
385 11667 1
167 11668 1
414 11669 1
669 11670 1
856 11671 1
577 11672 1
1081 11673 1
620 11674 1
401 11675 1
1421 11676 1
1395 11677 1
73 11678 1
169 11679 1
1229 11680 1
790 11681 1
361 11682 1
1492 11683 1
1492 11684 1
29 11685 1
2628 11686 1
425 11687 1
1010 11688 1
1225 11689 1
539 11690 1
2908 11691 1
532 11692 1
1298 11693 1
902 11694 1
1475 11695 1
442 11696 1
721 11697 1
1461 11698 1
1635 11699 1
292 11700 1
75 11701 1
613 11702 1
3783 11703 1
1708 11704 1
1059 11705 1
1859 11706 1
931 11707 1
2924 11708 1
133 11709 1
249 11710 1
683 11711 1
358 11712 1
605 11713 1
1461 11714 1
1265 11715 1
1051 11716 1
478 11717 1
308 11718 1
403 11719 1
605 11720 1
2635 11721 1
2042 11722 1
1235 11723 1
235 11724 1
589 11725 1
1395 11726 1
470 11727 1
3334 11728 1
107 11729 1
425 11730 1
1674 11731 1
2308 11732 1
2948 11733 1
342 11734 1
308 11735 1
1148 11736 1
319 11737 1
1119 11738 1
3308 11739 1
1429 11740 1
2228 11741 1
206 11742 1
140 11743 1
792 11744 1
1225 11745 1
1395 11746 1
1461 11747 1
1161 11748 1
3308 11749 1
1447 11750 1
391 11751 1
762 11752 1
2789 11753 1
1903 11754 1
3761 11755 1
1395 11756 1
74 11757 1
1166 11758 1
182 11759 1
169 11760 1
1395 11761 1
598 11762 1
767 11763 1
378 11764 1
1932 11765 1
1903 11766 1
403 11767 1
2935 11768 1
138 11769 1
368 11770 1
1461 11771 1
270 11772 1
1645 11773 1
1091 11774 1
732 11775 1
2728 11776 1
1395 11777 1
292 11778 1
2959 11779 1
505 11780 1
3312 11781 1
369 11782 1
3049 11783 1
919 11784 1
133 11785 1
2090 11786 1
853 11787 1
577 11788 1
986 11789 1
2493 11790 1
563 11791 1
43 11792 1
2078 11793 1
65 11794 1
2897 11795 1
297 11796 1
207 11797 1
2512 11798 1
1276 11799 1
72 11800 1
401 11801 1
470 11802 1
2 11803 1
1818 11804 1
577 11805 1
492 11806 1
11 11807 1
41 11808 1
43 11809 1
1446 11810 1
1903 11811 1
2617 11812 1
967 11813 1
390 11814 1
323 11815 1
86 11816 1
1919 11817 1
3009 11818 1
439 11819 1
465 11820 1
2613 11821 1
454 11822 1
1013 11823 1
1152 11824 1
1091 11825 1
577 11826 1
731 11827 1
324 11828 1
283 11829 1
790 11830 1
2375 11831 1
2915 11832 1
169 11833 1
487 11834 1
1461 11835 1
2915 11836 1
368 11837 1
425 11838 1
1461 11839 1
64 11840 1
1697 11841 1
1143 11842 1
577 11843 1
1384 11844 1
297 11845 1
2144 11846 1
390 11847 1
598 11848 1
542 11849 1
442 11850 1
492 11851 1
1233 11852 1
134 11853 1
1461 11854 1
786 11855 1
525 11856 1
748 11857 1
1802 11858 1
615 11859 1
492 11860 1
1357 11861 1
766 11862 1
1817 11863 1
54 11864 1
125 11865 1
440 11866 1
254 11867 1
1006 11868 1
442 11869 1
1229 11870 1
617 11871 1
390 11872 1
766 11873 1
1148 11874 1
1233 11875 1
0 11876 1
902 11877 1
381 11878 1
374 11879 1
3825 11880 1
3828 11881 1
577 11882 1
3815 11883 1
949 11884 1
522 11885 1
1004 11886 1
274 11887 1
440 11888 1
425 11889 1
3811 11890 1
1439 11891 1
902 11892 1
1932 11893 1
638 11894 1
1607 11895 1
1674 11896 1
602 11897 1
308 11898 1
29 11899 1
2324 11900 1
1148 11901 1
201 11902 1
166 11903 1
390 11904 1
1148 11905 1
390 11906 1
39 11907 1
569 11908 1
2958 11909 1
740 11910 1
2672 11911 1
206 11912 1
110 11913 1
591 11914 1
29 11915 1
66 11916 1
1004 11917 1
1471 11918 1
414 11919 1
748 11920 1
293 11921 1
1836 11922 1
571 11923 1
1541 11924 1
2178 11925 1
323 11926 1
1380 11927 1
1056 11928 1
2932 11929 1
381 11930 1
613 11931 1
1209 11932 1
319 11933 1
1781 11934 1
48 11935 1
1088 11936 1
1235 11937 1
3373 11938 1
569 11939 1
907 11940 1
1674 11941 1
2108 11942 1
960 11943 1
2429 11944 1
61 11945 1
949 11946 1
3172 11947 1
64 11948 1
2933 11949 1
2337 11950 1
2144 11951 1
1683 11952 1
64 11953 1
1110 11954 1
3782 11955 1
840 11956 1
102 11957 1
3477 11958 1
605 11959 1
65 11960 1
2488 11961 1
92 11962 1
153 11963 1
2853 11964 1
368 11965 1
505 11966 1
206 11967 1
146 11968 1
113 11969 1
2241 11970 1
209 11971 1
2096 11972 1
1397 11973 1
1141 11974 1
984 11975 1
1428 11976 1
615 11977 1
140 11978 1
1040 11979 1
1284 11980 1
1038 11981 1
206 11982 1
1674 11983 1
276 11984 1
208 11985 1
786 11986 1
978 11987 1
276 11988 1
1115 11989 1
615 11990 1
1010 11991 1
138 11992 1
206 11993 1
3816 11994 1
2042 11995 1
683 11996 1
0 11997 1
1428 11998 1
81 11999 1
2148 12000 1
18 12001 1
403 12002 1
472 12003 1
1466 12004 1
390 12005 1
1082 12006 1
3014 12007 1
1625 12008 1
406 12009 1
4727 12010 1
1233 12011 1
840 12012 1
614 12013 1
406 12014 1
1471 12015 1
1164 12016 1
601 12017 1
10 12018 1
501 12019 1
487 12020 1
696 12021 1
605 12022 1
975 12023 1
1148 12024 1
1148 12025 1
403 12026 1
29 12027 1
1137 12028 1
269 12029 1
108 12030 1
1363 12031 1
1059 12032 1
435 12033 1
2868 12034 1
76 12035 1
308 12036 1
2876 12037 1
206 12038 1
1073 12039 1
902 12040 1
902 12041 1
1319 12042 1
1683 12043 1
1499 12044 1
422 12045 1
2968 12046 1
2019 12047 1
2916 12048 1
2314 12049 1
1245 12050 1
1460 12051 1
2629 12052 1
1110 12053 1
978 12054 1
2876 12055 1
683 12056 1
470 12057 1
1121 12058 1
3808 12059 1
1818 12060 1
206 12061 1
2253 12062 1
251 12063 1
598 12064 1
1022 12065 1
3799 12066 1
229 12067 1
1113 12068 1
1499 12069 1
583 12070 1
