2517 5357
0 695 1
1 695 1
2 696 1
3 697 1
4 698 1
5 698 1
6 699 1
7 700 1
8 701 1
9 701 1
10 702 1
11 702 1
12 703 1
13 704 1
14 705 1
15 706 1
16 706 1
17 706 1
18 706 1
19 706 1
20 706 1
21 706 1
22 707 1
23 707 1
24 707 1
25 708 1
26 709 1
27 709 1
28 709 1
29 709 1
30 709 1
31 709 1
32 709 1
33 710 1
34 711 1
35 711 1
36 711 1
37 711 1
38 711 1
39 711 1
40 712 1
31 713 1
41 714 1
42 714 1
43 715 1
44 715 1
45 716 1
46 717 1
47 717 1
48 718 1
49 719 1
50 719 1
51 720 1
37 721 1
52 722 1
53 723 1
54 724 1
55 724 1
56 724 1
16 724 1
57 724 1
1 724 1
58 724 1
59 724 1
60 724 1
61 725 1
62 726 1
5 726 1
63 727 1
64 727 1
65 727 1
66 727 1
31 727 1
67 728 1
68 729 1
1 729 1
69 729 1
70 730 1
71 731 1
72 731 1
73 732 1
74 733 1
75 733 1
76 733 1
77 734 1
78 734 1
79 734 1
80 734 1
81 734 1
82 734 1
77 735 1
17 736 1
18 736 1
83 736 1
84 737 1
85 738 1
86 739 1
77 740 1
87 740 1
88 740 1
89 740 1
9 740 1
90 740 1
91 740 1
85 741 1
92 742 1
93 742 1
94 742 1
95 742 1
96 743 1
64 744 1
97 744 1
98 744 1
33 744 1
99 745 1
100 745 1
101 745 1
92 745 1
78 745 1
102 745 1
27 745 1
89 745 1
103 745 1
104 745 1
105 745 1
9 745 1
106 745 1
107 745 1
108 745 1
109 745 1
110 745 1
111 745 1
112 745 1
19 746 1
113 746 1
114 747 1
115 748 1
116 749 1
117 750 1
118 751 1
119 751 1
120 752 1
17 752 1
121 752 1
122 752 1
123 752 1
85 753 1
124 753 1
125 753 1
126 753 1
93 753 1
91 753 1
113 753 1
95 753 1
127 753 1
128 754 1
129 754 1
130 754 1
131 754 1
132 755 1
133 755 1
87 755 1
134 755 1
103 755 1
135 755 1
98 755 1
136 755 1
137 755 1
82 755 1
138 755 1
139 756 1
140 756 1
141 756 1
124 756 1
51 756 1
40 757 1
142 758 1
143 759 1
100 760 1
144 760 1
62 761 1
49 762 1
145 762 1
146 762 1
147 762 1
148 762 1
149 763 1
150 764 1
151 764 1
152 764 1
4 764 1
153 764 1
154 765 1
155 765 1
156 765 1
157 765 1
158 765 1
159 765 1
160 765 1
161 765 1
162 765 1
163 765 1
164 765 1
95 765 1
165 765 1
5 765 1
12 766 1
166 767 1
110 768 1
167 769 1
168 769 1
169 769 1
159 770 1
170 771 1
12 771 1
136 771 1
171 772 1
164 772 1
25 773 1
172 774 1
12 775 1
173 776 1
121 776 1
174 776 1
87 777 1
175 777 1
13 777 1
176 777 1
90 777 1
177 777 1
178 777 1
174 777 1
179 777 1
110 777 1
180 777 1
181 778 1
182 779 1
183 779 1
184 779 1
62 779 1
48 779 1
2 779 1
185 779 1
39 779 1
186 780 1
187 781 1
187 782 1
147 783 1
188 784 1
189 784 1
190 784 1
191 785 1
184 786 1
192 786 1
121 786 1
191 786 1
193 786 1
194 786 1
25 786 1
195 786 1
196 787 1
58 788 1
197 789 1
186 790 1
198 791 1
20 791 1
199 792 1
176 792 1
200 792 1
201 792 1
146 793 1
148 793 1
202 793 1
203 793 1
38 794 1
11 794 1
204 795 1
205 796 1
193 797 1
206 798 1
36 799 1
35 800 1
46 800 1
207 800 1
19 801 1
106 801 1
113 801 1
208 802 1
49 803 1
160 803 1
209 803 1
162 803 1
210 803 1
67 803 1
75 804 1
5 805 1
211 806 1
212 807 1
213 808 1
36 808 1
214 808 1
215 808 1
216 808 1
217 808 1
218 809 1
49 810 1
219 811 1
109 812 1
220 813 1
66 813 1
221 813 1
222 814 1
206 815 1
223 816 1
224 817 1
206 818 1
225 818 1
53 819 1
58 820 1
63 821 1
226 822 1
36 822 1
181 823 1
227 824 1
38 825 1
46 825 1
79 825 1
149 825 1
40 825 1
228 826 1
229 827 1
91 828 1
230 829 1
231 830 1
222 830 1
232 831 1
77 831 1
233 831 1
117 831 1
234 832 1
96 833 1
235 834 1
236 834 1
173 835 1
237 835 1
238 836 1
239 836 1
240 837 1
241 837 1
45 838 1
242 839 1
19 840 1
193 840 1
49 841 1
243 841 1
156 841 1
220 842 1
244 842 1
245 842 1
189 842 1
246 842 1
247 842 1
248 842 1
249 842 1
76 842 1
32 842 1
186 843 1
132 844 1
142 845 1
250 845 1
251 846 1
252 846 1
253 846 1
212 846 1
254 846 1
191 847 1
255 848 1
82 848 1
256 849 1
137 849 1
257 849 1
202 850 1
3 851 1
258 852 1
259 852 1
180 852 1
260 852 1
261 852 1
40 852 1
3 853 1
65 853 1
64 854 1
262 854 1
242 854 1
143 855 1
149 856 1
248 857 1
171 858 1
33 858 1
145 859 1
263 859 1
253 859 1
15 860 1
264 861 1
265 862 1
266 862 1
267 862 1
268 863 1
35 863 1
269 863 1
270 863 1
52 863 1
271 863 1
219 863 1
272 863 1
273 863 1
231 864 1
35 864 1
274 864 1
199 865 1
275 865 1
114 865 1
180 865 1
72 865 1
179 865 1
110 865 1
276 866 1
277 866 1
187 866 1
278 867 1
279 868 1
63 868 1
280 868 1
281 868 1
282 868 1
283 869 1
243 870 1
284 871 1
245 871 1
48 871 1
29 871 1
42 871 1
285 872 1
8 873 1
130 874 1
27 875 1
91 875 1
115 875 1
80 875 1
286 875 1
226 876 1
184 876 1
235 876 1
287 876 1
288 876 1
138 876 1
182 876 1
289 876 1
290 876 1
291 876 1
292 876 1
226 877 1
293 877 1
294 877 1
16 878 1
222 878 1
245 878 1
85 878 1
0 878 1
98 878 1
14 878 1
295 878 1
114 879 1
94 880 1
118 881 1
296 882 1
17 882 1
297 882 1
184 882 1
245 882 1
232 882 1
42 882 1
277 882 1
248 882 1
187 882 1
298 882 1
299 882 1
121 882 1
174 882 1
76 882 1
185 882 1
300 883 1
301 884 1
302 885 1
65 885 1
303 885 1
304 885 1
243 886 1
305 886 1
69 886 1
164 886 1
220 887 1
306 887 1
307 887 1
16 888 1
308 888 1
298 889 1
309 890 1
310 890 1
134 890 1
311 890 1
222 890 1
44 890 1
312 890 1
236 890 1
11 890 1
182 890 1
79 890 1
313 890 1
14 890 1
314 890 1
315 890 1
316 891 1
317 891 1
318 892 1
319 893 1
196 894 1
107 894 1
307 895 1
226 896 1
192 896 1
214 896 1
320 896 1
288 896 1
319 896 1
321 896 1
322 896 1
323 896 1
290 896 1
324 897 1
325 898 1
292 899 1
188 900 1
186 901 1
187 902 1
38 903 1
326 903 1
327 903 1
328 903 1
329 904 1
206 905 1
37 906 1
243 907 1
148 907 1
323 908 1
19 909 1
330 910 1
243 911 1
278 911 1
114 911 1
264 911 1
239 911 1
202 911 1
163 911 1
331 911 1
153 911 1
130 912 1
332 913 1
4 914 1
319 915 1
333 916 1
268 917 1
334 917 1
335 918 1
247 919 1
253 920 1
90 921 1
138 921 1
319 921 1
52 921 1
336 921 1
104 922 1
38 923 1
337 923 1
322 923 1
338 924 1
38 924 1
93 924 1
230 924 1
247 924 1
160 924 1
238 924 1
339 924 1
340 924 1
240 924 1
341 924 1
157 924 1
281 924 1
51 924 1
2 924 1
95 924 1
342 924 1
58 925 1
343 925 1
13 925 1
205 925 1
67 925 1
166 925 1
323 925 1
226 926 1
214 926 1
113 926 1
266 926 1
319 926 1
168 927 1
159 927 1
54 928 1
18 928 1
19 928 1
252 928 1
5 928 1
344 928 1
345 928 1
40 928 1
254 928 1
290 929 1
27 930 1
346 931 1
170 931 1
61 931 1
347 931 1
342 931 1
348 932 1
349 932 1
350 932 1
29 932 1
24 932 1
277 932 1
351 932 1
306 932 1
257 932 1
41 932 1
136 932 1
352 932 1
92 933 1
70 933 1
118 933 1
285 933 1
220 933 1
353 933 1
139 933 1
133 933 1
87 933 1
354 933 1
3 933 1
36 933 1
16 933 1
355 933 1
134 933 1
17 933 1
18 933 1
38 933 1
19 933 1
143 933 1
279 933 1
29 933 1
312 933 1
203 933 1
335 933 1
113 933 1
31 933 1
186 933 1
356 933 1
137 933 1
357 933 1
39 933 1
112 933 1
20 933 1
82 933 1
138 933 1
150 933 1
46 933 1
55 933 1
78 933 1
358 933 1
140 933 1
12 933 1
359 933 1
65 933 1
116 933 1
262 933 1
360 933 1
149 933 1
289 933 1
15 933 1
25 933 1
361 933 1
362 933 1
363 933 1
80 933 1
328 933 1
179 933 1
364 933 1
136 933 1
331 933 1
365 933 1
81 933 1
241 933 1
366 933 1
198 933 1
21 933 1
297 934 1
335 934 1
333 934 1
229 935 1
80 936 1
209 937 1
76 938 1
41 939 1
16 940 1
17 940 1
48 940 1
303 940 1
367 941 1
368 942 1
251 943 1
253 943 1
341 943 1
142 944 1
87 945 1
242 946 1
92 947 1
97 947 1
355 947 1
63 947 1
2 947 1
85 948 1
237 949 1
369 949 1
370 950 1
143 951 1
371 951 1
372 951 1
72 952 1
373 953 1
115 954 1
374 954 1
110 954 1
101 955 1
124 955 1
138 955 1
100 955 1
78 955 1
375 955 1
9 955 1
158 955 1
98 955 1
363 955 1
328 955 1
304 955 1
252 956 1
226 957 1
348 957 1
349 957 1
215 957 1
137 957 1
40 957 1
376 957 1
311 958 1
279 958 1
247 958 1
308 958 1
131 958 1
137 958 1
377 958 1
65 958 1
378 958 1
280 958 1
281 958 1
204 958 1
14 958 1
379 958 1
380 958 1
243 959 1
316 959 1
381 959 1
382 959 1
145 959 1
147 959 1
160 959 1
240 959 1
156 959 1
157 959 1
146 959 1
148 959 1
362 959 1
163 959 1
164 959 1
383 959 1
384 959 1
153 959 1
10 960 1
385 960 1
119 960 1
168 960 1
201 960 1
137 960 1
267 960 1
32 960 1
335 961 1
369 961 1
180 962 1
110 962 1
72 963 1
52 963 1
315 963 1
333 964 1
160 965 1
241 965 1
333 966 1
264 967 1
134 968 1
38 968 1
386 968 1
25 969 1
63 970 1
2 971 1
17 972 1
367 972 1
247 973 1
255 973 1
174 973 1
95 973 1
172 974 1
248 974 1
352 974 1
181 975 1
10 976 1
267 976 1
28 977 1
15 977 1
387 978 1
388 978 1
319 979 1
93 980 1
92 981 1
389 981 1
268 981 1
199 981 1
390 981 1
226 981 1
391 981 1
392 981 1
393 981 1
128 981 1
184 981 1
192 981 1
126 981 1
48 981 1
235 981 1
394 981 1
176 981 1
395 981 1
312 981 1
396 981 1
177 981 1
397 981 1
335 981 1
320 981 1
371 981 1
195 981 1
232 981 1
398 981 1
201 981 1
31 981 1
64 981 1
319 981 1
399 981 1
400 981 1
358 981 1
377 981 1
401 981 1
402 981 1
23 981 1
26 981 1
210 981 1
374 981 1
359 981 1
65 981 1
262 981 1
403 981 1
404 981 1
205 981 1
149 981 1
9 981 1
405 981 1
406 981 1
407 981 1
294 981 1
408 981 1
218 981 1
409 981 1
328 981 1
410 981 1
292 981 1
364 981 1
411 981 1
412 981 1
325 982 1
142 982 1
70 983 1
402 983 1
220 984 1
268 984 1
128 984 1
18 984 1
413 984 1
414 984 1
219 984 1
46 984 1
402 984 1
415 984 1
12 984 1
416 984 1
86 984 1
7 985 1
114 986 1
168 986 1
406 986 1
18 987 1
230 988 1
308 988 1
261 989 1
314 989 1
41 990 1
402 991 1
303 991 1
308 992 1
414 993 1
209 994 1
383 994 1
197 995 1
181 996 1
143 997 1
150 998 1
120 998 1
369 998 1
163 998 1
51 999 1
233 1000 1
220 1001 1
417 1001 1
418 1001 1
419 1002 1
231 1003 1
139 1003 1
420 1003 1
421 1003 1
422 1003 1
386 1003 1
423 1003 1
253 1003 1
267 1003 1
155 1003 1
156 1003 1
231 1004 1
424 1004 1
82 1004 1
425 1004 1
107 1004 1
196 1005 1
98 1006 1
426 1007 1
237 1007 1
162 1007 1
255 1007 1
331 1007 1
133 1008 1
87 1008 1
427 1008 1
68 1008 1
27 1008 1
428 1008 1
394 1008 1
176 1008 1
429 1008 1
430 1008 1
206 1008 1
340 1008 1
358 1008 1
307 1008 1
221 1008 1
403 1008 1
336 1008 1
406 1008 1
431 1008 1
380 1008 1
432 1009 1
433 1009 1
348 1009 1
311 1009 1
37 1009 1
196 1009 1
184 1009 1
434 1009 1
62 1009 1
435 1009 1
279 1009 1
394 1009 1
395 1009 1
90 1009 1
215 1009 1
114 1009 1
238 1009 1
398 1009 1
113 1009 1
288 1009 1
63 1009 1
358 1009 1
401 1009 1
360 1009 1
372 1009 1
191 1009 1
67 1009 1
122 1009 1
190 1009 1
281 1009 1
204 1009 1
436 1009 1
14 1009 1
437 1009 1
407 1009 1
408 1009 1
431 1009 1
379 1009 1
174 1009 1
292 1009 1
241 1009 1
83 1009 1
184 1010 1
438 1011 1
70 1012 1
226 1012 1
222 1012 1
279 1012 1
428 1012 1
395 1012 1
398 1012 1
287 1012 1
265 1012 1
266 1012 1
439 1012 1
46 1012 1
358 1012 1
182 1012 1
262 1012 1
440 1012 1
360 1012 1
67 1012 1
190 1012 1
303 1012 1
290 1012 1
379 1012 1
174 1012 1
441 1012 1
209 1013 1
17 1014 1
429 1015 1
442 1016 1
266 1017 1
158 1017 1
443 1018 1
263 1019 1
244 1020 1
183 1020 1
413 1020 1
350 1020 1
284 1020 1
435 1020 1
444 1020 1
59 1020 1
53 1020 1
445 1020 1
356 1020 1
137 1020 1
277 1020 1
446 1020 1
170 1020 1
248 1020 1
41 1020 1
447 1020 1
431 1020 1
32 1020 1
247 1021 1
448 1022 1
264 1022 1
45 1023 1
56 1023 1
48 1023 1
105 1023 1
174 1023 1
6 1024 1
120 1024 1
407 1025 1
273 1025 1
206 1026 1
362 1026 1
30 1027 1
266 1028 1
17 1029 1
423 1030 1
449 1030 1
450 1031 1
344 1032 1
296 1033 1
417 1033 1
244 1033 1
310 1033 1
172 1033 1
451 1033 1
36 1033 1
11 1033 1
88 1033 1
89 1033 1
364 1033 1
36 1034 1
124 1034 1
131 1034 1
112 1034 1
138 1034 1
452 1034 1
98 1034 1
95 1034 1
119 1035 1
100 1035 1
97 1036 1
453 1036 1
93 1036 1
235 1036 1
207 1036 1
428 1036 1
90 1036 1
131 1036 1
398 1036 1
346 1036 1
31 1036 1
269 1036 1
169 1036 1
20 1036 1
454 1036 1
64 1036 1
319 1036 1
400 1036 1
13 1036 1
455 1036 1
403 1036 1
120 1036 1
333 1036 1
205 1036 1
336 1036 1
281 1036 1
406 1036 1
327 1036 1
166 1036 1
229 1036 1
363 1036 1
2 1036 1
412 1036 1
261 1037 1
456 1038 1
77 1039 1
280 1039 1
247 1040 1
85 1040 1
186 1041 1
457 1041 1
445 1042 1
101 1043 1
224 1044 1
187 1044 1
138 1045 1
266 1045 1
52 1045 1
174 1045 1
185 1045 1
70 1046 1
355 1046 1
71 1046 1
430 1046 1
346 1046 1
138 1046 1
63 1046 1
266 1046 1
271 1046 1
219 1046 1
337 1046 1
280 1046 1
7 1046 1
458 1046 1
202 1046 1
254 1046 1
459 1047 1
132 1047 1
0 1047 1
12 1048 1
135 1048 1
20 1049 1
133 1050 1
151 1050 1
433 1050 1
325 1050 1
27 1050 1
460 1050 1
461 1050 1
71 1050 1
90 1050 1
203 1050 1
168 1050 1
137 1050 1
63 1050 1
462 1050 1
463 1050 1
358 1050 1
267 1050 1
197 1051 1
182 1051 1
9 1051 1
41 1051 1
388 1052 1
243 1053 1
77 1053 1
95 1053 1
335 1054 1
121 1054 1
2 1054 1
380 1054 1
66 1055 1
371 1055 1
341 1056 1
464 1057 1
140 1057 1
318 1058 1
460 1058 1
20 1058 1
369 1058 1
136 1059 1
320 1060 1
239 1060 1
306 1060 1
14 1060 1
56 1061 1
465 1061 1
442 1061 1
298 1061 1
41 1061 1
40 1061 1
50 1062 1
331 1062 1
323 1063 1
8 1064 1
319 1065 1
261 1066 1
466 1066 1
467 1067 1
301 1068 1
41 1069 1
101 1070 1
177 1070 1
200 1070 1
266 1070 1
67 1070 1
468 1070 1
469 1070 1
354 1071 1
44 1071 1
264 1072 1
470 1072 1
389 1073 1
139 1073 1
273 1074 1
254 1074 1
471 1075 1
316 1076 1
245 1076 1
472 1076 1
243 1077 1
382 1077 1
278 1077 1
108 1077 1
264 1077 1
239 1077 1
362 1077 1
164 1077 1
331 1078 1
473 1079 1
234 1079 1
101 1080 1
133 1081 1
395 1081 1
91 1081 1
200 1081 1
266 1081 1
115 1081 1
474 1081 1
475 1081 1
476 1081 1
477 1081 1
89 1081 1
105 1081 1
9 1081 1
363 1081 1
179 1081 1
127 1081 1
109 1082 1
158 1083 1
408 1083 1
147 1084 1
331 1084 1
383 1084 1
155 1085 1
50 1086 1
239 1087 1
29 1088 1
387 1089 1
226 1089 1
478 1089 1
388 1089 1
180 1090 1
479 1091 1
480 1092 1
269 1092 1
72 1093 1
20 1094 1
298 1094 1
138 1095 1
369 1096 1
120 1097 1
249 1097 1
279 1098 1
268 1099 1
451 1099 1
45 1099 1
93 1099 1
224 1099 1
20 1099 1
100 1099 1
204 1099 1
314 1099 1
40 1099 1
363 1099 1
481 1100 1
324 1101 1
305 1102 1
482 1102 1
208 1103 1
331 1104 1
121 1105 1
243 1106 1
229 1106 1
362 1106 1
418 1106 1
54 1107 1
128 1107 1
385 1107 1
196 1107 1
184 1107 1
58 1107 1
394 1107 1
483 1107 1
117 1107 1
1 1107 1
174 1107 1
87 1108 1
413 1108 1
237 1108 1
367 1108 1
356 1108 1
137 1108 1
277 1108 1
64 1108 1
344 1108 1
408 1108 1
127 1108 1
203 1109 1
467 1109 1
407 1110 1
364 1111 1
261 1112 1
215 1113 1
449 1113 1
446 1113 1
484 1114 1
268 1114 1
309 1114 1
10 1114 1
139 1114 1
334 1114 1
392 1114 1
485 1114 1
354 1114 1
36 1114 1
145 1114 1
325 1114 1
486 1114 1
188 1114 1
487 1114 1
488 1114 1
489 1114 1
490 1114 1
491 1114 1
492 1114 1
27 1114 1
311 1114 1
493 1114 1
494 1114 1
275 1114 1
426 1114 1
460 1114 1
143 1114 1
495 1114 1
456 1114 1
496 1114 1
276 1114 1
119 1114 1
308 1114 1
450 1114 1
395 1114 1
497 1114 1
498 1114 1
91 1114 1
499 1114 1
238 1114 1
500 1114 1
168 1114 1
501 1114 1
502 1114 1
503 1114 1
504 1114 1
505 1114 1
506 1114 1
507 1114 1
508 1114 1
31 1114 1
509 1114 1
206 1114 1
72 1114 1
459 1114 1
510 1114 1
270 1114 1
511 1114 1
512 1114 1
513 1114 1
197 1114 1
34 1114 1
474 1114 1
319 1114 1
52 1114 1
483 1114 1
399 1114 1
271 1114 1
219 1114 1
46 1114 1
272 1114 1
302 1114 1
78 1114 1
477 1114 1
514 1114 1
23 1114 1
12 1114 1
515 1114 1
516 1114 1
332 1114 1
517 1114 1
0 1114 1
518 1114 1
260 1114 1
519 1114 1
404 1114 1
520 1114 1
89 1114 1
521 1114 1
522 1114 1
481 1114 1
242 1114 1
336 1114 1
67 1114 1
523 1114 1
524 1114 1
525 1114 1
129 1114 1
436 1114 1
458 1114 1
526 1114 1
527 1114 1
528 1114 1
407 1114 1
218 1114 1
295 1114 1
380 1114 1
291 1114 1
366 1114 1
83 1114 1
384 1114 1
529 1114 1
32 1114 1
21 1114 1
530 1115 1
142 1115 1
131 1116 1
33 1117 1
103 1118 1
112 1119 1
531 1119 1
133 1120 1
27 1120 1
38 1120 1
461 1120 1
398 1120 1
180 1120 1
52 1120 1
442 1121 1
334 1122 1
375 1122 1
532 1123 1
171 1123 1
108 1123 1
264 1123 1
64 1123 1
221 1123 1
148 1123 1
331 1123 1
383 1123 1
7 1124 1
352 1124 1
231 1125 1
17 1125 1
73 1125 1
21 1125 1
40 1126 1
376 1127 1
139 1128 1
494 1128 1
13 1128 1
333 1128 1
342 1128 1
45 1129 1
261 1130 1
319 1131 1
327 1132 1
221 1133 1
380 1134 1
89 1135 1
352 1136 1
359 1137 1
143 1138 1
90 1139 1
31 1140 1
530 1141 1
139 1142 1
392 1143 1
231 1144 1
18 1145 1
189 1145 1
323 1145 1
87 1146 1
104 1147 1
533 1148 1
90 1148 1
208 1148 1
427 1149 1
374 1149 1
447 1149 1
230 1150 1
120 1151 1
237 1152 1
533 1152 1
252 1152 1
395 1152 1
371 1152 1
467 1152 1
255 1152 1
82 1152 1
266 1152 1
79 1152 1
190 1152 1
109 1152 1
291 1152 1
174 1152 1
534 1152 1
418 1152 1
392 1153 1
401 1153 1
535 1153 1
196 1154 1
193 1155 1
271 1156 1
239 1157 1
53 1158 1
13 1159 1
536 1159 1
52 1160 1
537 1160 1
66 1161 1
4 1162 1
538 1162 1
329 1162 1
136 1162 1
268 1163 1
214 1163 1
55 1163 1
539 1164 1
461 1164 1
201 1164 1
31 1164 1
248 1164 1
53 1165 1
232 1165 1
195 1166 1
75 1167 1
196 1168 1
203 1168 1
188 1169 1
540 1169 1
224 1169 1
276 1169 1
252 1169 1
206 1169 1
152 1169 1
17 1170 1
28 1170 1
541 1170 1
13 1171 1
447 1171 1
26 1172 1
394 1173 1
52 1173 1
297 1174 1
92 1175 1
239 1175 1
541 1175 1
37 1176 1
423 1176 1
449 1176 1
257 1176 1
142 1176 1
7 1176 1
73 1176 1
310 1177 1
487 1177 1
460 1177 1
143 1177 1
358 1177 1
248 1177 1
85 1177 1
535 1177 1
341 1177 1
109 1177 1
198 1177 1
305 1178 1
278 1179 1
171 1179 1
53 1179 1
163 1179 1
164 1179 1
331 1179 1
196 1180 1
252 1180 1
264 1180 1
519 1180 1
331 1180 1
254 1180 1
243 1181 1
310 1181 1
45 1181 1
542 1181 1
385 1181 1
16 1181 1
311 1181 1
8 1181 1
350 1181 1
171 1181 1
43 1181 1
301 1181 1
59 1181 1
160 1181 1
320 1181 1
108 1181 1
232 1181 1
162 1181 1
288 1181 1
20 1181 1
264 1181 1
34 1181 1
50 1181 1
302 1181 1
358 1181 1
85 1181 1
377 1181 1
117 1181 1
455 1181 1
65 1181 1
262 1181 1
344 1181 1
249 1181 1
1 1181 1
372 1181 1
7 1181 1
158 1181 1
122 1181 1
98 1181 1
146 1181 1
369 1181 1
202 1181 1
362 1181 1
163 1181 1
174 1181 1
164 1181 1
76 1181 1
410 1181 1
383 1181 1
241 1181 1
153 1181 1
32 1181 1
412 1181 1
239 1182 1
59 1183 1
50 1183 1
543 1184 1
433 1184 1
500 1184 1
150 1184 1
249 1185 1
81 1186 1
133 1187 1
430 1187 1
346 1187 1
138 1187 1
400 1187 1
405 1187 1
69 1187 1
51 1187 1
137 1188 1
370 1188 1
333 1188 1
281 1188 1
311 1189 1
28 1189 1
305 1190 1
186 1190 1
356 1190 1
20 1190 1
455 1190 1
252 1191 1
173 1192 1
459 1193 1
544 1193 1
545 1193 1
546 1193 1
342 1193 1
181 1194 1
344 1194 1
329 1194 1
546 1195 1
149 1195 1
489 1196 1
420 1196 1
239 1196 1
146 1196 1
148 1196 1
383 1196 1
31 1197 1
277 1198 1
215 1199 1
195 1199 1
290 1200 1
363 1200 1
138 1201 1
101 1202 1
6 1202 1
348 1202 1
196 1202 1
192 1202 1
279 1202 1
195 1202 1
547 1202 1
264 1202 1
219 1202 1
78 1202 1
154 1202 1
79 1202 1
261 1202 1
280 1202 1
194 1202 1
223 1202 1
130 1202 1
80 1202 1
127 1202 1
83 1202 1
171 1203 1
224 1204 1
52 1205 1
220 1206 1
226 1206 1
27 1206 1
548 1206 1
530 1206 1
251 1206 1
29 1206 1
4 1206 1
549 1206 1
358 1206 1
187 1206 1
262 1206 1
327 1206 1
295 1206 1
363 1206 1
84 1206 1
352 1206 1
342 1207 1
6 1208 1
394 1208 1
335 1208 1
112 1208 1
52 1208 1
550 1208 1
25 1208 1
76 1208 1
388 1208 1
342 1208 1
551 1209 1
203 1209 1
168 1209 1
169 1209 1
63 1209 1
319 1209 1
546 1209 1
552 1209 1
217 1209 1
127 1209 1
553 1209 1
5 1210 1
305 1211 1
543 1211 1
494 1211 1
143 1211 1
230 1211 1
75 1211 1
319 1211 1
372 1211 1
69 1211 1
107 1211 1
479 1211 1
243 1212 1
18 1212 1
224 1212 1
60 1212 1
554 1212 1
266 1212 1
93 1213 1
66 1213 1
46 1213 1
182 1213 1
323 1213 1
555 1213 1
473 1214 1
264 1214 1
284 1215 1
114 1216 1
288 1216 1
352 1217 1
297 1218 1
556 1218 1
277 1218 1
557 1218 1
27 1219 1
89 1219 1
130 1219 1
342 1219 1
151 1220 1
78 1221 1
412 1222 1
541 1223 1
40 1224 1
558 1225 1
442 1225 1
69 1225 1
467 1226 1
244 1227 1
172 1227 1
51 1227 1
237 1228 1
208 1229 1
406 1230 1
439 1231 1
385 1232 1
183 1232 1
398 1232 1
477 1232 1
323 1232 1
113 1233 1
18 1234 1
530 1234 1
4 1234 1
233 1234 1
175 1234 1
360 1234 1
122 1234 1
379 1234 1
473 1235 1
195 1236 1
541 1237 1
412 1238 1
363 1239 1
252 1240 1
254 1240 1
266 1241 1
393 1242 1
251 1243 1
559 1244 1
427 1245 1
560 1246 1
356 1246 1
222 1247 1
58 1247 1
236 1247 1
67 1247 1
9 1247 1
561 1247 1
200 1248 1
4 1249 1
268 1250 1
562 1250 1
72 1250 1
138 1250 1
77 1250 1
100 1250 1
319 1250 1
483 1250 1
563 1250 1
109 1250 1
315 1250 1
332 1251 1
75 1252 1
325 1253 1
134 1253 1
38 1253 1
287 1253 1
21 1253 1
341 1254 1
564 1254 1
196 1255 1
132 1255 1
62 1256 1
4 1257 1
63 1258 1
124 1259 1
460 1259 1
427 1260 1
8 1260 1
43 1260 1
530 1260 1
63 1260 1
52 1260 1
315 1260 1
290 1260 1
379 1260 1
347 1260 1
364 1260 1
565 1260 1
49 1261 1
87 1262 1
380 1262 1
173 1263 1
432 1263 1
180 1263 1
363 1263 1
379 1263 1
220 1264 1
296 1264 1
417 1264 1
36 1264 1
307 1264 1
86 1264 1
566 1265 1
342 1265 1
433 1266 1
8 1266 1
168 1266 1
463 1266 1
517 1267 1
299 1268 1
3 1269 1
473 1269 1
12 1270 1
562 1271 1
123 1271 1
138 1271 1
249 1272 1
160 1273 1
252 1274 1
254 1274 1
231 1275 1
101 1275 1
285 1275 1
296 1275 1
354 1275 1
448 1275 1
160 1275 1
60 1275 1
162 1275 1
467 1275 1
340 1275 1
307 1275 1
249 1275 1
212 1275 1
7 1275 1
158 1275 1
314 1275 1
362 1275 1
567 1275 1
254 1275 1
49 1276 1
28 1276 1
320 1276 1
33 1276 1
438 1276 1
380 1276 1
222 1277 1
113 1278 1
14 1278 1
293 1279 1
98 1279 1
113 1280 1
119 1281 1
210 1282 1
117 1282 1
418 1282 1
160 1283 1
12 1284 1
333 1285 1
444 1286 1
224 1287 1
133 1288 1
37 1288 1
119 1288 1
94 1288 1
262 1288 1
149 1288 1
158 1288 1
407 1288 1
363 1288 1
127 1288 1
193 1289 1
12 1289 1
297 1290 1
568 1290 1
302 1291 1
388 1291 1
69 1292 1
183 1293 1
29 1294 1
67 1295 1
193 1296 1
261 1296 1
311 1297 1
119 1297 1
473 1297 1
180 1297 1
33 1297 1
519 1297 1
362 1297 1
328 1297 1
185 1297 1
145 1298 1
569 1298 1
452 1298 1
417 1299 1
244 1299 1
172 1299 1
451 1299 1
283 1299 1
540 1299 1
255 1299 1
342 1299 1
361 1300 1
28 1301 1
296 1302 1
151 1302 1
134 1302 1
413 1302 1
38 1302 1
142 1302 1
61 1302 1
231 1303 1
252 1303 1
254 1303 1
87 1304 1
368 1304 1
14 1304 1
319 1305 1
38 1306 1
82 1307 1
198 1307 1
84 1308 1
41 1309 1
183 1310 1
195 1310 1
233 1310 1
570 1310 1
61 1311 1
297 1312 1
196 1312 1
224 1312 1
247 1312 1
119 1312 1
308 1312 1
571 1312 1
508 1312 1
375 1312 1
344 1312 1
67 1312 1
564 1312 1
572 1312 1
136 1312 1
185 1312 1
252 1313 1
369 1314 1
231 1315 1
307 1316 1
541 1317 1
309 1318 1
276 1318 1
308 1318 1
185 1318 1
49 1319 1
325 1319 1
251 1319 1
422 1319 1
467 1319 1
253 1319 1
341 1319 1
87 1320 1
354 1320 1
569 1320 1
170 1320 1
573 1321 1
255 1322 1
313 1323 1
48 1324 1
574 1325 1
7 1325 1
45 1326 1
128 1326 1
349 1326 1
184 1326 1
189 1326 1
224 1326 1
465 1326 1
236 1326 1
60 1326 1
138 1326 1
266 1326 1
52 1326 1
416 1326 1
174 1326 1
225 1326 1
418 1326 1
575 1326 1
49 1327 1
220 1327 1
413 1327 1
237 1327 1
264 1327 1
239 1327 1
298 1327 1
137 1328 1
283 1329 1
128 1330 1
17 1330 1
297 1330 1
245 1330 1
247 1330 1
301 1330 1
298 1330 1
315 1330 1
76 1330 1
285 1331 1
220 1331 1
576 1331 1
325 1331 1
134 1331 1
569 1331 1
147 1331 1
423 1331 1
449 1331 1
577 1331 1
356 1331 1
61 1331 1
432 1332 1
385 1332 1
37 1332 1
413 1332 1
530 1332 1
541 1332 1
337 1332 1
342 1332 1
578 1333 1
297 1334 1
579 1334 1
271 1334 1
155 1334 1
580 1335 1
277 1336 1
581 1337 1
5 1338 1
582 1339 1
248 1340 1
185 1341 1
49 1342 1
145 1342 1
251 1342 1
29 1342 1
4 1342 1
422 1342 1
253 1342 1
187 1342 1
212 1342 1
362 1342 1
84 1342 1
583 1343 1
376 1343 1
269 1344 1
77 1344 1
346 1345 1
233 1345 1
555 1345 1
43 1346 1
85 1346 1
221 1347 1
204 1348 1
301 1349 1
49 1350 1
316 1350 1
236 1350 1
264 1350 1
253 1350 1
360 1350 1
81 1350 1
113 1351 1
269 1352 1
77 1352 1
26 1352 1
225 1353 1
174 1354 1
414 1355 1
231 1356 1
350 1356 1
29 1356 1
73 1356 1
251 1357 1
422 1357 1
253 1357 1
323 1358 1
35 1359 1
257 1359 1
370 1360 1
317 1361 1
10 1362 1
226 1363 1
287 1363 1
359 1363 1
204 1363 1
407 1363 1
530 1364 1
363 1365 1
483 1366 1
16 1367 1
402 1367 1
315 1367 1
364 1367 1
128 1368 1
263 1369 1
340 1370 1
51 1370 1
268 1371 1
247 1371 1
271 1371 1
479 1372 1
541 1373 1
37 1374 1
584 1375 1
197 1376 1
585 1376 1
586 1376 1
325 1377 1
241 1378 1
274 1379 1
109 1379 1
332 1380 1
274 1381 1
542 1381 1
59 1381 1
341 1381 1
587 1381 1
152 1382 1
332 1382 1
557 1382 1
139 1383 1
346 1383 1
273 1383 1
582 1383 1
238 1384 1
262 1385 1
380 1386 1
581 1387 1
53 1387 1
117 1388 1
227 1389 1
588 1389 1
263 1390 1
589 1390 1
227 1390 1
224 1391 1
568 1392 1
188 1393 1
424 1393 1
341 1393 1
356 1394 1
537 1395 1
69 1396 1
21 1396 1
590 1397 1
473 1397 1
12 1398 1
241 1399 1
40 1400 1
360 1401 1
16 1402 1
59 1402 1
66 1402 1
341 1402 1
204 1402 1
394 1403 1
473 1404 1
243 1405 1
122 1406 1
109 1407 1
272 1408 1
85 1409 1
171 1410 1
402 1411 1
18 1412 1
52 1413 1
479 1414 1
415 1415 1
591 1416 1
592 1417 1
371 1417 1
238 1417 1
39 1417 1
46 1417 1
26 1417 1
234 1417 1
110 1417 1
136 1418 1
263 1419 1
239 1419 1
231 1420 1
224 1421 1
113 1422 1
229 1423 1
73 1424 1
274 1425 1
385 1425 1
224 1425 1
423 1425 1
449 1425 1
121 1425 1
380 1426 1
308 1427 1
152 1427 1
49 1428 1
243 1428 1
422 1429 1
227 1429 1
449 1430 1
119 1431 1
18 1432 1
311 1432 1
122 1432 1
393 1433 1
279 1433 1
269 1433 1
593 1433 1
158 1433 1
2 1433 1
410 1433 1
292 1433 1
8 1434 1
508 1434 1
332 1434 1
212 1434 1
93 1435 1
7 1436 1
435 1437 1
57 1438 1
322 1439 1
330 1440 1
385 1440 1
344 1440 1
433 1441 1
18 1442 1
433 1443 1
279 1443 1
428 1443 1
386 1443 1
346 1443 1
380 1443 1
89 1444 1
411 1445 1
594 1446 1
289 1447 1
143 1448 1
195 1448 1
538 1449 1
245 1450 1
173 1451 1
171 1451 1
202 1451 1
73 1452 1
366 1453 1
75 1454 1
530 1455 1
287 1455 1
429 1456 1
366 1456 1
447 1457 1
314 1457 1
229 1457 1
7 1458 1
17 1459 1
312 1459 1
129 1460 1
263 1461 1
44 1462 1
155 1462 1
156 1462 1
405 1462 1
379 1462 1
136 1462 1
239 1463 1
63 1464 1
388 1464 1
243 1465 1
164 1465 1
19 1466 1
37 1467 1
143 1467 1
250 1467 1
473 1468 1
143 1469 1
199 1470 1
10 1470 1
451 1470 1
27 1470 1
311 1470 1
595 1470 1
460 1470 1
461 1470 1
181 1470 1
421 1470 1
592 1470 1
200 1470 1
180 1470 1
142 1470 1
267 1470 1
360 1470 1
596 1470 1
81 1470 1
36 1471 1
25 1471 1
306 1472 1
40 1473 1
187 1474 1
518 1475 1
24 1476 1
12 1477 1
461 1478 1
419 1479 1
186 1480 1
401 1481 1
14 1482 1
410 1482 1
412 1482 1
63 1483 1
182 1483 1
541 1484 1
252 1485 1
254 1485 1
363 1486 1
244 1487 1
172 1487 1
385 1487 1
92 1488 1
329 1488 1
387 1489 1
596 1489 1
364 1489 1
418 1490 1
455 1491 1
594 1492 1
231 1493 1
307 1494 1
396 1495 1
127 1496 1
276 1497 1
17 1498 1
62 1498 1
189 1498 1
224 1498 1
119 1498 1
236 1498 1
261 1498 1
170 1499 1
305 1500 1
294 1500 1
170 1501 1
597 1502 1
195 1503 1
387 1504 1
45 1505 1
297 1505 1
533 1505 1
270 1506 1
115 1506 1
197 1506 1
245 1507 1
460 1507 1
340 1507 1
253 1507 1
170 1507 1
120 1507 1
521 1507 1
223 1507 1
284 1508 1
131 1509 1
314 1509 1
74 1510 1
184 1510 1
235 1510 1
302 1510 1
135 1510 1
2 1510 1
186 1511 1
159 1511 1
68 1512 1
27 1512 1
159 1513 1
8 1514 1
193 1514 1
395 1514 1
75 1514 1
112 1514 1
469 1514 1
427 1515 1
486 1516 1
49 1517 1
114 1518 1
403 1518 1
135 1518 1
75 1519 1
130 1519 1
29 1520 1
195 1520 1
162 1520 1
538 1520 1
25 1520 1
323 1520 1
352 1520 1
587 1520 1
32 1520 1
460 1521 1
132 1521 1
0 1521 1
314 1521 1
120 1522 1
481 1523 1
217 1524 1
598 1525 1
74 1526 1
235 1526 1
115 1526 1
2 1526 1
555 1526 1
147 1527 1
207 1528 1
200 1528 1
180 1528 1
182 1528 1
242 1528 1
217 1529 1
599 1530 1
107 1531 1
200 1532 1
512 1532 1
219 1533 1
600 1534 1
547 1535 1
3 1536 1
601 1536 1
53 1536 1
186 1536 1
248 1536 1
257 1536 1
570 1536 1
261 1536 1
7 1536 1
76 1536 1
549 1537 1
219 1537 1
97 1538 1
135 1538 1
555 1538 1
20 1539 1
79 1539 1
221 1539 1
585 1539 1
320 1540 1
101 1541 1
602 1542 1
78 1542 1
108 1543 1
527 1544 1
245 1545 1
41 1545 1
13 1546 1
139 1547 1
428 1548 1
67 1549 1
109 1550 1
220 1551 1
417 1551 1
244 1551 1
134 1551 1
460 1551 1
312 1551 1
75 1551 1
203 1551 1
603 1551 1
340 1551 1
72 1551 1
307 1551 1
146 1551 1
564 1551 1
14 1551 1
153 1551 1
389 1552 1
461 1552 1
90 1552 1
293 1552 1
170 1552 1
1 1552 1
160 1553 1
335 1554 1
359 1555 1
220 1556 1
387 1557 1
184 1557 1
19 1557 1
59 1557 1
31 1557 1
280 1557 1
125 1557 1
563 1557 1
21 1557 1
412 1557 1
16 1558 1
577 1558 1
294 1558 1
571 1559 1
554 1559 1
446 1560 1
277 1561 1
354 1562 1
398 1563 1
428 1564 1
418 1564 1
235 1565 1
60 1565 1
604 1565 1
82 1566 1
162 1567 1
297 1568 1
310 1569 1
307 1569 1
27 1570 1
18 1571 1
306 1571 1
6 1572 1
605 1572 1
606 1572 1
62 1572 1
435 1572 1
215 1572 1
571 1572 1
430 1572 1
206 1572 1
317 1572 1
23 1572 1
344 1572 1
261 1572 1
369 1572 1
223 1572 1
352 1572 1
587 1572 1
241 1573 1
220 1574 1
134 1574 1
37 1574 1
423 1574 1
449 1574 1
324 1575 1
53 1576 1
170 1577 1
222 1578 1
262 1578 1
4 1579 1
398 1580 1
150 1580 1
494 1581 1
138 1581 1
158 1581 1
234 1581 1
14 1581 1
80 1581 1
582 1581 1
127 1581 1
393 1582 1
473 1582 1
255 1582 1
120 1582 1
242 1582 1
418 1582 1
195 1583 1
371 1584 1
64 1584 1
607 1584 1
21 1584 1
426 1585 1
180 1585 1
248 1585 1
225 1586 1
129 1587 1
100 1588 1
116 1588 1
481 1588 1
407 1588 1
346 1589 1
172 1590 1
17 1591 1
419 1592 1
451 1593 1
225 1594 1
105 1595 1
149 1596 1
290 1596 1
72 1597 1
115 1597 1
206 1598 1
303 1599 1
53 1600 1
263 1601 1
461 1602 1
195 1603 1
36 1604 1
397 1604 1
137 1604 1
377 1604 1
89 1604 1
333 1604 1
409 1604 1
110 1604 1
263 1605 1
10 1606 1
66 1607 1
91 1607 1
131 1607 1
137 1607 1
45 1608 1
68 1608 1
120 1609 1
247 1610 1
443 1611 1
77 1612 1
84 1613 1
168 1614 1
370 1614 1
326 1615 1
290 1615 1
330 1616 1
394 1617 1
288 1617 1
116 1618 1
214 1619 1
352 1619 1
206 1620 1
223 1621 1
271 1622 1
385 1623 1
78 1623 1
223 1623 1
489 1624 1
156 1624 1
146 1624 1
153 1624 1
75 1625 1
608 1626 1
77 1627 1
136 1628 1
230 1629 1
53 1629 1
269 1629 1
277 1629 1
130 1629 1
70 1630 1
214 1630 1
287 1630 1
180 1630 1
135 1630 1
259 1631 1
58 1632 1
149 1633 1
259 1634 1
63 1634 1
120 1634 1
364 1634 1
387 1635 1
63 1635 1
182 1635 1
218 1635 1
170 1636 1
385 1637 1
595 1637 1
317 1637 1
120 1637 1
298 1637 1
223 1637 1
323 1637 1
428 1638 1
3 1639 1
398 1639 1
549 1639 1
200 1639 1
241 1639 1
609 1640 1
217 1640 1
610 1641 1
79 1642 1
408 1642 1
7 1643 1
394 1644 1
128 1645 1
419 1646 1
143 1646 1
335 1646 1
139 1647 1
138 1648 1
0 1648 1
149 1648 1
388 1648 1
257 1649 1
73 1649 1
284 1650 1
72 1651 1
360 1651 1
507 1652 1
75 1653 1
267 1654 1
39 1655 1
27 1656 1
428 1657 1
266 1657 1
100 1657 1
299 1657 1
101 1658 1
54 1659 1
188 1660 1
424 1660 1
423 1660 1
356 1660 1
307 1660 1
142 1660 1
611 1660 1
457 1660 1
51 1660 1
183 1661 1
416 1662 1
226 1663 1
302 1663 1
87 1664 1
419 1665 1
592 1665 1
482 1665 1
135 1665 1
179 1665 1
577 1666 1
346 1667 1
482 1667 1
40 1667 1
394 1668 1
18 1669 1
278 1669 1
28 1669 1
53 1669 1
277 1669 1
335 1670 1
130 1670 1
601 1671 1
374 1672 1
141 1673 1
75 1674 1
311 1675 1
313 1675 1
218 1675 1
308 1676 1
233 1676 1
344 1676 1
76 1676 1
612 1677 1
192 1678 1
371 1678 1
137 1679 1
359 1680 1
239 1681 1
156 1681 1
146 1681 1
383 1682 1
119 1683 1
15 1684 1
200 1685 1
509 1685 1
182 1685 1
344 1686 1
40 1686 1
613 1687 1
614 1687 1
176 1687 1
90 1687 1
346 1687 1
137 1687 1
546 1687 1
336 1687 1
135 1687 1
159 1687 1
290 1687 1
110 1687 1
543 1688 1
361 1689 1
45 1690 1
324 1690 1
39 1691 1
293 1692 1
380 1692 1
205 1693 1
25 1694 1
203 1695 1
140 1695 1
54 1696 1
305 1696 1
615 1696 1
16 1696 1
18 1696 1
278 1696 1
93 1696 1
308 1696 1
445 1696 1
5 1696 1
538 1696 1
233 1696 1
541 1696 1
344 1696 1
280 1696 1
249 1696 1
223 1696 1
352 1696 1
616 1697 1
310 1698 1
617 1698 1
137 1698 1
600 1699 1
217 1699 1
386 1700 1
454 1701 1
326 1701 1
204 1701 1
301 1702 1
103 1703 1
444 1704 1
276 1704 1
53 1704 1
238 1704 1
541 1704 1
67 1705 1
618 1706 1
87 1707 1
7 1708 1
262 1709 1
196 1710 1
27 1711 1
398 1711 1
128 1712 1
277 1712 1
40 1712 1
189 1713 1
255 1714 1
408 1715 1
169 1716 1
19 1717 1
117 1717 1
191 1717 1
244 1718 1
274 1718 1
316 1718 1
433 1718 1
542 1718 1
145 1718 1
448 1718 1
619 1718 1
37 1718 1
147 1718 1
263 1718 1
584 1718 1
108 1718 1
549 1718 1
430 1718 1
264 1718 1
240 1718 1
50 1718 1
239 1718 1
372 1718 1
159 1718 1
202 1718 1
130 1718 1
567 1718 1
164 1718 1
383 1718 1
620 1718 1
384 1718 1
153 1718 1
342 1718 1
434 1719 1
431 1719 1
141 1720 1
392 1721 1
62 1721 1
284 1721 1
19 1721 1
537 1721 1
75 1722 1
362 1722 1
621 1723 1
335 1724 1
255 1725 1
233 1725 1
443 1725 1
1 1725 1
25 1725 1
76 1725 1
290 1726 1
482 1727 1
479 1727 1
200 1728 1
0 1728 1
363 1728 1
199 1729 1
177 1729 1
622 1730 1
14 1730 1
223 1730 1
25 1730 1
185 1730 1
467 1731 1
592 1732 1
200 1732 1
180 1732 1
547 1733 1
92 1734 1
427 1734 1
128 1734 1
8 1734 1
126 1734 1
623 1734 1
624 1734 1
138 1734 1
439 1734 1
374 1734 1
158 1734 1
21 1734 1
433 1735 1
427 1735 1
128 1735 1
623 1735 1
31 1735 1
138 1735 1
439 1735 1
517 1735 1
374 1735 1
158 1735 1
247 1736 1
100 1736 1
233 1736 1
80 1736 1
220 1737 1
625 1737 1
59 1737 1
307 1737 1
244 1738 1
330 1738 1
245 1738 1
340 1738 1
23 1738 1
257 1738 1
249 1738 1
223 1738 1
241 1738 1
148 1739 1
284 1740 1
261 1741 1
339 1742 1
290 1742 1
581 1743 1
311 1743 1
584 1743 1
421 1743 1
215 1743 1
236 1743 1
371 1743 1
445 1743 1
20 1743 1
82 1743 1
262 1743 1
298 1743 1
322 1743 1
122 1743 1
14 1743 1
352 1743 1
393 1744 1
68 1745 1
278 1745 1
358 1745 1
388 1745 1
245 1746 1
310 1747 1
137 1747 1
20 1747 1
88 1747 1
596 1747 1
431 1747 1
328 1747 1
217 1747 1
597 1748 1
85 1748 1
149 1748 1
104 1749 1
564 1750 1
444 1751 1
445 1752 1
58 1753 1
120 1753 1
76 1753 1
25 1754 1
25 1755 1
113 1756 1
139 1757 1
203 1758 1
383 1758 1
626 1759 1
7 1760 1
73 1760 1
241 1760 1
277 1761 1
538 1761 1
82 1762 1
210 1762 1
411 1762 1
419 1763 1
210 1764 1
62 1765 1
356 1765 1
257 1766 1
244 1767 1
28 1767 1
369 1768 1
371 1769 1
467 1769 1
317 1769 1
555 1769 1
314 1770 1
409 1771 1
627 1772 1
576 1772 1
543 1772 1
505 1772 1
277 1772 1
263 1773 1
292 1774 1
329 1775 1
244 1776 1
628 1776 1
629 1776 1
451 1776 1
630 1776 1
283 1776 1
37 1776 1
413 1776 1
631 1776 1
301 1776 1
252 1776 1
421 1776 1
500 1776 1
423 1776 1
577 1776 1
142 1776 1
267 1776 1
632 1776 1
51 1776 1
273 1776 1
347 1776 1
84 1776 1
241 1776 1
254 1776 1
529 1776 1
236 1777 1
512 1778 1
422 1779 1
627 1780 1
173 1780 1
274 1780 1
16 1780 1
284 1780 1
245 1780 1
237 1780 1
601 1780 1
29 1780 1
59 1780 1
236 1780 1
113 1780 1
255 1780 1
233 1780 1
262 1780 1
122 1780 1
204 1780 1
289 1780 1
633 1780 1
407 1780 1
51 1780 1
323 1780 1
303 1780 1
411 1780 1
233 1781 1
262 1781 1
160 1782 1
278 1783 1
570 1783 1
249 1783 1
95 1784 1
223 1785 1
173 1786 1
62 1786 1
215 1786 1
277 1786 1
266 1786 1
130 1786 1
276 1787 1
361 1787 1
564 1788 1
469 1788 1
32 1789 1
94 1790 1
567 1791 1
549 1792 1
420 1793 1
422 1793 1
240 1793 1
58 1794 1
340 1795 1
77 1796 1
301 1797 1
215 1797 1
346 1797 1
254 1797 1
461 1798 1
91 1798 1
335 1798 1
180 1798 1
197 1798 1
191 1798 1
9 1798 1
405 1798 1
406 1798 1
634 1798 1
347 1798 1
215 1799 1
257 1799 1
294 1800 1
241 1800 1
168 1801 1
435 1802 1
414 1802 1
634 1802 1
185 1802 1
150 1803 1
602 1804 1
18 1804 1
104 1804 1
131 1804 1
412 1804 1
77 1805 1
62 1806 1
617 1807 1
189 1807 1
346 1807 1
341 1807 1
323 1807 1
111 1807 1
376 1807 1
393 1808 1
82 1809 1
249 1809 1
29 1810 1
187 1810 1
91 1811 1
455 1811 1
46 1812 1
249 1813 1
284 1814 1
193 1814 1
233 1814 1
249 1814 1
600 1814 1
226 1815 1
263 1816 1
530 1817 1
248 1817 1
298 1817 1
221 1818 1
129 1819 1
244 1820 1
533 1820 1
428 1820 1
82 1820 1
333 1820 1
284 1821 1
156 1821 1
198 1822 1
381 1823 1
145 1823 1
278 1823 1
147 1823 1
227 1823 1
12 1823 1
362 1823 1
163 1823 1
164 1823 1
10 1824 1
113 1825 1
635 1826 1
14 1827 1
236 1828 1
262 1828 1
278 1829 1
264 1829 1
156 1829 1
146 1829 1
225 1829 1
247 1830 1
121 1831 1
25 1831 1
120 1832 1
195 1833 1
636 1834 1
604 1834 1
199 1835 1
3 1835 1
68 1835 1
461 1835 1
176 1835 1
397 1835 1
203 1835 1
335 1835 1
180 1835 1
197 1835 1
205 1835 1
9 1835 1
405 1835 1
406 1835 1
431 1835 1
179 1835 1
215 1836 1
192 1837 1
180 1837 1
29 1838 1
148 1839 1
264 1840 1
156 1840 1
382 1841 1
163 1841 1
209 1842 1
162 1842 1
148 1842 1
202 1842 1
278 1843 1
19 1843 1
206 1843 1
82 1843 1
239 1843 1
248 1843 1
352 1843 1
11 1844 1
133 1845 1
602 1845 1
189 1845 1
91 1845 1
397 1845 1
398 1845 1
219 1845 1
332 1845 1
1 1845 1
333 1845 1
9 1845 1
281 1845 1
129 1845 1
564 1845 1
127 1845 1
274 1846 1
151 1846 1
183 1846 1
435 1846 1
140 1846 1
385 1847 1
16 1847 1
349 1847 1
444 1847 1
53 1847 1
4 1847 1
335 1847 1
150 1847 1
219 1847 1
248 1847 1
329 1847 1
148 1847 1
153 1847 1
381 1848 1
84 1848 1
274 1849 1
637 1849 1
70 1850 1
385 1850 1
18 1850 1
311 1850 1
93 1850 1
215 1850 1
113 1850 1
255 1850 1
538 1850 1
307 1850 1
298 1850 1
190 1850 1
15 1850 1
223 1850 1
410 1850 1
595 1851 1
360 1851 1
9 1851 1
129 1851 1
8 1852 1
53 1853 1
297 1854 1
28 1854 1
181 1854 1
76 1854 1
264 1855 1
274 1856 1
151 1856 1
145 1856 1
134 1856 1
37 1856 1
58 1856 1
435 1856 1
420 1856 1
255 1856 1
248 1856 1
210 1856 1
307 1856 1
521 1856 1
146 1856 1
148 1856 1
323 1856 1
567 1856 1
163 1856 1
164 1856 1
383 1856 1
587 1856 1
479 1856 1
355 1857 1
269 1857 1
5 1857 1
369 1857 1
407 1857 1
638 1857 1
396 1858 1
140 1858 1
203 1859 1
50 1859 1
346 1860 1
18 1861 1
564 1861 1
560 1862 1
270 1862 1
257 1863 1
639 1863 1
73 1863 1
141 1864 1
341 1864 1
128 1865 1
347 1865 1
297 1866 1
245 1866 1
223 1866 1
385 1867 1
9 1868 1
183 1869 1
445 1869 1
82 1869 1
64 1869 1
132 1869 1
541 1869 1
337 1869 1
455 1869 1
89 1869 1
1 1869 1
314 1869 1
569 1870 1
203 1870 1
504 1870 1
186 1870 1
356 1870 1
253 1870 1
248 1870 1
79 1870 1
190 1871 1
477 1872 1
493 1873 1
636 1874 1
75 1874 1
397 1874 1
182 1874 1
166 1874 1
290 1874 1
567 1874 1
133 1875 1
149 1875 1
222 1876 1
186 1877 1
148 1878 1
176 1879 1
398 1879 1
197 1879 1
267 1879 1
122 1879 1
203 1880 1
430 1881 1
128 1882 1
182 1882 1
153 1883 1
175 1884 1
248 1885 1
12 1886 1
330 1887 1
6 1887 1
108 1887 1
521 1887 1
202 1887 1
62 1888 1
238 1889 1
20 1890 1
388 1890 1
223 1891 1
640 1892 1
442 1892 1
380 1893 1
641 1894 1
386 1895 1
142 1895 1
73 1895 1
365 1895 1
237 1896 1
269 1896 1
533 1897 1
136 1898 1
226 1899 1
36 1899 1
183 1899 1
551 1899 1
279 1899 1
312 1899 1
131 1899 1
398 1899 1
200 1899 1
31 1899 1
112 1899 1
63 1899 1
64 1899 1
150 1899 1
46 1899 1
375 1899 1
13 1899 1
642 1899 1
191 1899 1
9 1899 1
122 1899 1
190 1899 1
290 1899 1
379 1899 1
409 1899 1
292 1899 1
198 1899 1
263 1900 1
276 1901 1
145 1902 1
278 1902 1
263 1902 1
420 1902 1
160 1902 1
227 1902 1
209 1902 1
162 1902 1
611 1902 1
362 1902 1
567 1902 1
163 1902 1
164 1902 1
278 1903 1
148 1903 1
185 1903 1
156 1904 1
146 1904 1
3 1905 1
205 1906 1
380 1906 1
239 1907 1
148 1907 1
202 1907 1
220 1908 1
141 1908 1
237 1908 1
341 1908 1
145 1909 1
251 1909 1
252 1909 1
423 1909 1
449 1909 1
257 1909 1
319 1910 1
197 1911 1
188 1912 1
137 1912 1
357 1912 1
205 1912 1
156 1913 1
618 1914 1
29 1915 1
269 1915 1
518 1915 1
35 1916 1
181 1916 1
467 1916 1
142 1916 1
41 1916 1
449 1917 1
446 1917 1
178 1918 1
35 1919 1
59 1919 1
249 1919 1
369 1919 1
73 1919 1
407 1920 1
62 1921 1
293 1921 1
620 1921 1
128 1922 1
255 1922 1
120 1922 1
226 1923 1
35 1923 1
141 1923 1
293 1923 1
255 1923 1
407 1923 1
254 1923 1
342 1923 1
27 1924 1
388 1925 1
245 1926 1
251 1926 1
206 1926 1
197 1926 1
70 1927 1
402 1927 1
58 1928 1
41 1929 1
473 1930 1
255 1931 1
85 1931 1
26 1931 1
79 1931 1
570 1931 1
223 1931 1
80 1931 1
352 1931 1
32 1931 1
249 1932 1
255 1933 1
352 1934 1
426 1935 1
643 1935 1
156 1935 1
108 1936 1
108 1937 1
217 1937 1
119 1938 1
320 1939 1
447 1939 1
500 1940 1
467 1940 1
307 1941 1
644 1942 1
252 1943 1
254 1943 1
423 1944 1
187 1945 1
298 1945 1
225 1946 1
637 1947 1
278 1947 1
449 1947 1
223 1948 1
385 1949 1
34 1949 1
340 1950 1
12 1951 1
122 1951 1
480 1952 1
350 1953 1
625 1953 1
446 1954 1
554 1955 1
451 1956 1
230 1956 1
397 1956 1
11 1956 1
500 1956 1
449 1956 1
293 1956 1
577 1956 1
255 1956 1
340 1956 1
446 1956 1
645 1956 1
402 1956 1
80 1956 1
352 1956 1
383 1956 1
153 1956 1
113 1957 1
411 1958 1
101 1959 1
646 1959 1
226 1959 1
35 1959 1
432 1959 1
87 1959 1
36 1959 1
325 1959 1
188 1959 1
16 1959 1
134 1959 1
37 1959 1
413 1959 1
569 1959 1
560 1959 1
424 1959 1
38 1959 1
640 1959 1
460 1959 1
647 1959 1
235 1959 1
193 1959 1
279 1959 1
247 1959 1
59 1959 1
644 1959 1
420 1959 1
395 1959 1
498 1959 1
91 1959 1
386 1959 1
60 1959 1
287 1959 1
293 1959 1
445 1959 1
577 1959 1
648 1959 1
31 1959 1
414 1959 1
269 1959 1
186 1959 1
356 1959 1
137 1959 1
206 1959 1
357 1959 1
255 1959 1
39 1959 1
112 1959 1
82 1959 1
340 1959 1
72 1959 1
100 1959 1
512 1959 1
253 1959 1
513 1959 1
34 1959 1
474 1959 1
607 1959 1
170 1959 1
233 1959 1
358 1959 1
514 1959 1
321 1959 1
182 1959 1
12 1959 1
368 1959 1
307 1959 1
117 1959 1
257 1959 1
546 1959 1
142 1959 1
337 1959 1
116 1959 1
472 1959 1
61 1959 1
120 1959 1
261 1959 1
299 1959 1
7 1959 1
158 1959 1
478 1959 1
550 1959 1
86 1959 1
437 1959 1
51 1959 1
323 1959 1
218 1959 1
380 1959 1
174 1959 1
179 1959 1
292 1959 1
364 1959 1
198 1959 1
649 1959 1
441 1959 1
49 1959 1
173 1959 1
70 1959 1
285 1959 1
220 1959 1
296 1959 1
417 1959 1
581 1959 1
244 1959 1
650 1959 1
310 1959 1
172 1959 1
576 1959 1
451 1959 1
617 1959 1
151 1959 1
651 1959 1
56 1959 1
354 1959 1
542 1959 1
594 1959 1
487 1959 1
488 1959 1
141 1959 1
348 1959 1
652 1959 1
17 1959 1
540 1959 1
184 1959 1
222 1959 1
62 1959 1
19 1959 1
530 1959 1
533 1959 1
259 1959 1
71 1959 1
335 1959 1
11 1959 1
500 1959 1
423 1959 1
449 1959 1
429 1959 1
132 1959 1
653 1959 1
645 1959 1
306 1959 1
175 1959 1
0 1959 1
570 1959 1
344 1959 1
531 1959 1
250 1959 1
242 1959 1
341 1959 1
654 1959 1
191 1959 1
190 1959 1
98 1959 1
655 1959 1
204 1959 1
552 1959 1
282 1959 1
458 1959 1
14 1959 1
314 1959 1
407 1959 1
273 1959 1
2 1959 1
379 1959 1
291 1959 1
567 1959 1
76 1959 1
136 1959 1
656 1959 1
657 1959 1
365 1959 1
529 1959 1
388 1959 1
376 1959 1
21 1959 1
43 1960 1
104 1961 1
69 1962 1
40 1963 1
303 1963 1
119 1964 1
424 1965 1
241 1965 1
340 1966 1
146 1966 1
383 1966 1
62 1967 1
570 1967 1
59 1968 1
73 1969 1
449 1969 1
654 1970 1
116 1971 1
17 1972 1
58 1973 1
20 1974 1
85 1974 1
205 1974 1
166 1974 1
93 1975 1
53 1975 1
371 1975 1
346 1975 1
142 1975 1
262 1975 1
362 1975 1
393 1975 1
19 1975 1
658 1975 1
23 1975 1
121 1975 1
122 1975 1
41 1975 1
445 1976 1
261 1977 1
141 1978 1
248 1979 1
620 1979 1
263 1980 1
446 1981 1
323 1982 1
304 1983 1
101 1984 1
226 1984 1
87 1984 1
560 1984 1
245 1984 1
48 1984 1
237 1984 1
279 1984 1
394 1984 1
119 1984 1
4 1984 1
395 1984 1
396 1984 1
236 1984 1
386 1984 1
445 1984 1
288 1984 1
467 1984 1
255 1984 1
72 1984 1
446 1984 1
150 1984 1
170 1984 1
233 1984 1
358 1984 1
182 1984 1
375 1984 1
142 1984 1
262 1984 1
89 1984 1
333 1984 1
9 1984 1
234 1984 1
329 1984 1
80 1984 1
111 1984 1
364 1984 1
352 1984 1
95 1984 1
83 1984 1
435 1984 1
312 1984 1
75 1984 1
203 1984 1
476 1984 1
210 1984 1
88 1984 1
570 1984 1
1 1984 1
659 1984 1
191 1984 1
41 1984 1
564 1984 1
294 1984 1
76 1984 1
110 1984 1
32 1984 1
59 1985 1
209 1986 1
245 1987 1
446 1988 1
212 1988 1
297 1989 1
344 1989 1
339 1990 1
200 1990 1
500 1990 1
168 1990 1
463 1990 1
383 1990 1
29 1991 1
113 1992 1
403 1992 1
217 1992 1
542 1992 1
541 1993 1
164 1994 1
95 1994 1
196 1994 1
147 1994 1
76 1994 1
210 1995 1
606 1996 1
77 1997 1
261 1997 1
98 1998 1
277 1999 1
262 2000 1
85 2000 1
264 2001 1
29 2002 1
287 2003 1
56 2004 1
432 2005 1
279 2005 1
660 2005 1
449 2005 1
249 2005 1
20 2006 1
541 2006 1
19 2006 1
297 2007 1
543 2008 1
342 2008 1
251 2008 1
430 2009 1
195 2010 1
144 2010 1
255 2011 1
653 2012 1
331 2013 1
274 2014 1
248 2015 1
282 2015 1
445 2016 1
125 2017 1
19 2017 1
34 2018 1
317 2018 1
174 2018 1
241 2018 1
189 2019 1
206 2019 1
285 2020 1
37 2021 1
335 2022 1
58 2023 1
282 2023 1
231 2024 1
284 2024 1
59 2024 1
341 2024 1
156 2024 1
87 2025 1
236 2025 1
9 2025 1
168 2025 1
34 2026 1
32 2027 1
319 2028 1
380 2028 1
50 2028 1
519 2029 1
344 2029 1
249 2029 1
294 2029 1
600 2029 1
254 2029 1
311 2030 1
206 2030 1
85 2030 1
0 2030 1
455 2031 1
155 2032 1
11 2033 1
35 2034 1
80 2035 1
153 2035 1
276 2036 1
231 2037 1
307 2037 1
380 2037 1
147 2037 1
227 2037 1
156 2037 1
146 2037 1
383 2037 1
130 2038 1
469 2038 1
244 2038 1
76 2038 1
254 2039 1
451 2040 1
479 2041 1
540 2041 1
139 2042 1
89 2042 1
141 2042 1
88 2042 1
133 2043 1
284 2044 1
233 2044 1
275 2045 1
265 2045 1
648 2045 1
357 2045 1
661 2045 1
568 2045 1
536 2045 1
353 2045 1
453 2045 1
192 2045 1
636 2045 1
161 2045 1
191 2045 1
662 2045 1
314 2045 1
449 2046 1
25 2047 1
101 2048 1
214 2049 1
4 2049 1
146 2049 1
160 2050 1
209 2050 1
329 2050 1
51 2050 1
310 2050 1
172 2050 1
542 2050 1
156 2050 1
157 2050 1
146 2050 1
148 2050 1
567 2050 1
284 2051 1
625 2052 1
11 2052 1
46 2053 1
156 2054 1
407 2054 1
314 2055 1
344 2056 1
274 2057 1
245 2057 1
25 2057 1
449 2057 1
76 2057 1
383 2057 1
278 2058 1
543 2059 1
51 2060 1
381 2061 1
432 2061 1
444 2062 1
200 2062 1
467 2062 1
500 2062 1
529 2062 1
72 2063 1
428 2064 1
248 2064 1
50 2064 1
482 2064 1
320 2065 1
431 2066 1
553 2066 1
181 2067 1
78 2068 1
385 2068 1
14 2068 1
68 2069 1
331 2070 1
571 2071 1
596 2072 1
27 2073 1
180 2073 1
3 2073 1
663 2073 1
664 2073 1
532 2074 1
278 2074 1
547 2074 1
31 2075 1
412 2075 1
414 2076 1
448 2077 1
312 2077 1
21 2077 1
189 2078 1
519 2078 1
122 2078 1
665 2079 1
324 2079 1
45 2079 1
499 2080 1
154 2080 1
133 2080 1
455 2080 1
221 2080 1
311 2081 1
188 2082 1
134 2082 1
413 2082 1
424 2082 1
386 2082 1
86 2082 1
81 2082 1
285 2082 1
417 2082 1
594 2082 1
423 2082 1
666 2082 1
273 2082 1
364 2083 1
455 2083 1
388 2083 1
63 2084 1
519 2085 1
95 2085 1
381 2086 1
419 2087 1
26 2088 1
168 2089 1
358 2090 1
418 2090 1
92 2090 1
199 2091 1
317 2091 1
82 2092 1
140 2092 1
202 2092 1
541 2093 1
388 2093 1
82 2094 1
667 2095 1
62 2096 1
668 2097 1
85 2097 1
0 2097 1
209 2098 1
364 2099 1
245 2100 1
90 2101 1
113 2101 1
77 2101 1
270 2101 1
129 2101 1
582 2101 1
95 2101 1
183 2101 1
184 2101 1
62 2101 1
530 2101 1
71 2101 1
203 2101 1
455 2101 1
221 2101 1
135 2101 1
159 2101 1
190 2101 1
32 2101 1
115 2102 1
334 2102 1
614 2102 1
372 2102 1
669 2102 1
178 2102 1
77 2103 1
46 2103 1
78 2103 1
335 2103 1
362 2104 1
479 2104 1
236 2105 1
180 2106 1
52 2107 1
232 2108 1
233 2108 1
541 2108 1
280 2108 1
624 2109 1
226 2110 1
427 2110 1
214 2110 1
238 2110 1
321 2110 1
518 2110 1
326 2110 1
447 2110 1
469 2110 1
95 2110 1
207 2110 1
159 2110 1
564 2110 1
109 2110 1
291 2110 1
231 2111 1
170 2112 1
321 2112 1
409 2112 1
3 2112 1
205 2112 1
261 2113 1
58 2114 1
8 2115 1
200 2116 1
577 2116 1
180 2116 1
68 2116 1
88 2116 1
247 2117 1
139 2118 1
3 2118 1
320 2119 1
412 2120 1
128 2121 1
568 2121 1
473 2122 1
344 2122 1
412 2122 1
231 2123 1
245 2123 1
247 2123 1
50 2123 1
564 2123 1
223 2123 1
148 2123 1
346 2124 1
431 2124 1
155 2125 1
279 2126 1
12 2127 1
303 2127 1
73 2127 1
369 2128 1
670 2129 1
385 2130 1
70 2131 1
419 2132 1
9 2132 1
671 2133 1
521 2134 1
199 2135 1
434 2135 1
288 2135 1
127 2135 1
70 2135 1
353 2135 1
222 2135 1
8 2135 1
426 2135 1
126 2135 1
455 2135 1
135 2135 1
122 2135 1
15 2135 1
136 2135 1
116 2136 1
564 2136 1
303 2137 1
560 2138 1
188 2139 1
58 2139 1
166 2139 1
446 2140 1
360 2140 1
263 2140 1
193 2141 1
160 2141 1
113 2141 1
321 2141 1
173 2141 1
672 2141 1
440 2141 1
191 2141 1
370 2142 1
352 2142 1
3 2142 1
673 2143 1
90 2143 1
614 2143 1
135 2143 1
46 2144 1
100 2145 1
315 2145 1
73 2145 1
296 2145 1
310 2145 1
674 2145 1
241 2145 1
383 2146 1
206 2147 1
248 2147 1
393 2147 1
636 2147 1
279 2148 1
60 2148 1
195 2148 1
239 2148 1
62 2148 1
675 2148 1
569 2149 1
414 2149 1
129 2150 1
555 2150 1
90 2151 1
592 2151 1
467 2151 1
182 2151 1
672 2151 1
175 2151 1
191 2151 1
563 2151 1
555 2151 1
3 2152 1
105 2152 1
237 2153 1
34 2153 1
354 2153 1
521 2154 1
189 2155 1
359 2156 1
116 2157 1
382 2158 1
195 2158 1
581 2158 1
462 2159 1
534 2159 1
242 2160 1
311 2161 1
182 2161 1
205 2162 1
428 2163 1
274 2164 1
398 2164 1
89 2164 1
596 2164 1
88 2164 1
529 2164 1
11 2165 1
561 2165 1
239 2166 1
101 2167 1
333 2167 1
409 2168 1
266 2169 1
469 2169 1
214 2170 1
333 2170 1
555 2171 1
676 2172 1
109 2173 1
386 2174 1
79 2175 1
668 2176 1
653 2176 1
29 2177 1
4 2177 1
263 2178 1
388 2178 1
382 2179 1
315 2179 1
160 2180 1
227 2180 1
32 2181 1
8 2182 1
251 2182 1
98 2182 1
360 2183 1
20 2184 1
387 2185 1
63 2186 1
82 2187 1
568 2187 1
323 2187 1
155 2188 1
37 2189 1
38 2189 1
121 2190 1
673 2191 1
112 2191 1
244 2191 1
358 2192 1
120 2192 1
302 2192 1
149 2192 1
14 2192 1
298 2193 1
198 2194 1
222 2194 1
27 2195 1
250 2195 1
61 2196 1
383 2197 1
46 2198 1
81 2198 1
371 2199 1
19 2199 1
5 2199 1
51 2200 1
469 2200 1
433 2200 1
433 2201 1
200 2202 1
287 2203 1
209 2204 1
50 2204 1
156 2204 1
157 2204 1
506 2205 1
263 2205 1
274 2206 1
316 2206 1
381 2206 1
145 2206 1
163 2206 1
164 2206 1
243 2206 1
259 2206 1
147 2206 1
549 2206 1
50 2206 1
156 2206 1
132 2207 1
311 2208 1
428 2208 1
20 2208 1
64 2208 1
19 2208 1
43 2208 1
166 2208 1
236 2209 1
208 2209 1
312 2209 1
317 2210 1
184 2210 1
397 2210 1
85 2210 1
19 2211 1
14 2211 1
236 2212 1
312 2212 1
359 2213 1
117 2214 1
567 2215 1
417 2216 1
653 2216 1
254 2217 1
254 2218 1
80 2219 1
49 2220 1
142 2221 1
236 2222 1
358 2222 1
360 2222 1
363 2222 1
128 2223 1
460 2223 1
261 2223 1
436 2223 1
303 2223 1
342 2223 1
417 2223 1
244 2223 1
172 2223 1
435 2223 1
210 2223 1
564 2223 1
76 2223 1
278 2224 1
4 2224 1
64 2225 1
217 2225 1
631 2226 1
5 2227 1
8 2228 1
155 2228 1
7 2229 1
292 2229 1
335 2229 1
410 2229 1
677 2230 1
521 2230 1
387 2231 1
465 2232 1
79 2233 1
53 2234 1
95 2234 1
298 2235 1
33 2235 1
287 2236 1
360 2236 1
95 2236 1
530 2236 1
678 2237 1
239 2237 1
179 2237 1
127 2237 1
542 2237 1
530 2237 1
455 2237 1
372 2237 1
73 2238 1
120 2239 1
121 2239 1
388 2240 1
529 2241 1
461 2242 1
35 2243 1
297 2244 1
35 2245 1
583 2245 1
460 2245 1
293 2245 1
340 2245 1
123 2245 1
341 2245 1
254 2246 1
679 2247 1
226 2248 1
279 2248 1
401 2248 1
344 2248 1
337 2249 1
203 2249 1
320 2250 1
63 2250 1
170 2250 1
117 2250 1
596 2250 1
364 2250 1
304 2250 1
184 2250 1
147 2250 1
203 2250 1
168 2250 1
85 2250 1
377 2250 1
175 2250 1
242 2250 1
341 2250 1
407 2250 1
410 2250 1
231 2251 1
31 2252 1
364 2252 1
191 2252 1
231 2253 1
41 2253 1
537 2254 1
238 2255 1
346 2256 1
285 2256 1
220 2256 1
410 2256 1
589 2257 1
208 2258 1
3 2258 1
670 2259 1
9 2259 1
303 2259 1
123 2259 1
613 2260 1
656 2260 1
225 2261 1
276 2262 1
398 2262 1
323 2262 1
168 2262 1
301 2263 1
400 2264 1
41 2265 1
25 2266 1
402 2267 1
397 2267 1
58 2268 1
235 2268 1
182 2268 1
298 2268 1
229 2268 1
445 2269 1
352 2269 1
209 2270 1
679 2270 1
470 2270 1
332 2270 1
608 2270 1
7 2271 1
274 2272 1
186 2272 1
423 2272 1
429 2272 1
28 2273 1
119 2273 1
314 2273 1
241 2274 1
239 2275 1
100 2276 1
20 2277 1
355 2278 1
59 2278 1
30 2278 1
162 2278 1
46 2278 1
680 2278 1
354 2278 1
681 2279 1
277 2279 1
185 2280 1
482 2281 1
360 2282 1
95 2282 1
324 2283 1
279 2284 1
362 2285 1
90 2286 1
337 2287 1
249 2288 1
121 2288 1
576 2289 1
547 2289 1
263 2290 1
279 2291 1
68 2291 1
470 2291 1
262 2292 1
287 2293 1
280 2293 1
62 2293 1
168 2293 1
203 2294 1
1 2295 1
10 2296 1
325 2296 1
27 2296 1
85 2297 1
98 2297 1
428 2298 1
311 2299 1
365 2300 1
51 2301 1
11 2301 1
454 2301 1
431 2301 1
13 2302 1
415 2303 1
45 2303 1
93 2304 1
126 2304 1
38 2305 1
310 2305 1
11 2305 1
37 2306 1
220 2307 1
682 2307 1
429 2307 1
355 2308 1
93 2308 1
233 2308 1
43 2308 1
149 2308 1
610 2308 1
21 2308 1
323 2309 1
196 2309 1
321 2310 1
602 2310 1
43 2311 1
669 2312 1
179 2313 1
683 2314 1
308 2315 1
262 2315 1
447 2316 1
266 2317 1
236 2318 1
509 2318 1
138 2318 1
46 2318 1
402 2318 1
415 2318 1
182 2318 1
337 2318 1
359 2318 1
120 2318 1
298 2318 1
218 2318 1
81 2318 1
70 2318 1
222 2318 1
197 2318 1
242 2318 1
564 2318 1
109 2318 1
232 2319 1
573 2319 1
661 2319 1
359 2319 1
328 2319 1
111 2319 1
296 2319 1
354 2319 1
684 2319 1
685 2319 1
686 2319 1
117 2320 1
562 2320 1
330 2321 1
546 2322 1
189 2323 1
542 2324 1
41 2325 1
273 2325 1
193 2326 1
206 2326 1
45 2326 1
215 2326 1
210 2326 1
76 2326 1
89 2327 1
442 2328 1
188 2329 1
386 2329 1
78 2329 1
354 2329 1
564 2329 1
354 2330 1
53 2331 1
138 2331 1
298 2331 1
40 2331 1
49 2331 1
191 2331 1
166 2331 1
408 2331 1
412 2331 1
83 2332 1
564 2333 1
407 2334 1
155 2335 1
564 2335 1
465 2336 1
564 2337 1
687 2338 1
301 2338 1
249 2339 1
614 2340 1
223 2341 1
174 2342 1
434 2343 1
245 2344 1
422 2344 1
688 2344 1
623 2344 1
227 2344 1
1 2345 1
330 2346 1
409 2347 1
431 2347 1
85 2348 1
356 2349 1
143 2350 1
266 2351 1
198 2351 1
1 2351 1
139 2352 1
445 2352 1
141 2352 1
8 2352 1
64 2353 1
84 2353 1
198 2353 1
207 2353 1
151 2354 1
403 2355 1
221 2356 1
54 2357 1
119 2357 1
442 2357 1
508 2357 1
298 2357 1
92 2358 1
306 2358 1
122 2358 1
689 2359 1
3 2359 1
197 2359 1
205 2360 1
396 2361 1
463 2361 1
412 2361 1
307 2362 1
417 2362 1
244 2362 1
451 2362 1
5 2362 1
325 2363 1
134 2363 1
37 2363 1
38 2363 1
356 2363 1
142 2363 1
51 2363 1
220 2363 1
244 2363 1
151 2363 1
141 2363 1
657 2363 1
292 2364 1
46 2365 1
432 2366 1
355 2367 1
174 2367 1
606 2368 1
679 2368 1
27 2369 1
64 2369 1
89 2369 1
28 2370 1
89 2371 1
51 2371 1
266 2372 1
319 2372 1
67 2372 1
679 2373 1
3 2374 1
190 2374 1
21 2375 1
136 2376 1
73 2377 1
411 2378 1
25 2379 1
690 2380 1
364 2380 1
225 2381 1
3 2381 1
8 2381 1
41 2381 1
8 2382 1
281 2382 1
98 2382 1
204 2383 1
17 2384 1
310 2385 1
442 2386 1
386 2387 1
43 2387 1
608 2388 1
461 2389 1
594 2390 1
431 2390 1
164 2391 1
114 2391 1
369 2391 1
321 2392 1
323 2392 1
80 2392 1
343 2392 1
564 2392 1
15 2392 1
8 2393 1
5 2393 1
50 2393 1
364 2394 1
132 2394 1
445 2395 1
234 2396 1
29 2397 1
168 2397 1
335 2398 1
550 2399 1
195 2400 1
288 2400 1
137 2401 1
257 2402 1
61 2402 1
221 2403 1
135 2403 1
133 2404 1
297 2405 1
185 2405 1
213 2406 1
297 2406 1
193 2406 1
337 2406 1
244 2406 1
133 2406 1
203 2406 1
2 2406 1
198 2407 1
222 2407 1
236 2408 1
263 2409 1
233 2410 1
409 2411 1
149 2411 1
287 2412 1
37 2413 1
413 2413 1
444 2413 1
342 2413 1
479 2413 1
29 2414 1
94 2415 1
58 2416 1
4 2416 1
257 2416 1
299 2416 1
70 2416 1
17 2416 1
23 2416 1
443 2416 1
691 2416 1
564 2416 1
136 2416 1
601 2417 1
592 2418 1
371 2418 1
356 2418 1
112 2418 1
73 2418 1
119 2419 1
298 2419 1
349 2419 1
196 2419 1
223 2419 1
50 2420 1
357 2421 1
498 2422 1
169 2423 1
449 2424 1
397 2425 1
635 2426 1
381 2427 1
73 2428 1
497 2428 1
78 2429 1
380 2429 1
127 2429 1
184 2429 1
168 2429 1
379 2429 1
254 2430 1
89 2431 1
365 2432 1
29 2433 1
114 2433 1
360 2434 1
278 2435 1
451 2436 1
160 2437 1
130 2437 1
362 2437 1
163 2437 1
241 2437 1
398 2438 1
582 2438 1
364 2438 1
14 2438 1
204 2439 1
20 2440 1
680 2440 1
279 2441 1
112 2441 1
418 2441 1
433 2441 1
435 2441 1
289 2441 1
407 2441 1
2 2441 1
25 2442 1
320 2443 1
414 2443 1
469 2443 1
432 2444 1
543 2445 1
31 2445 1
66 2445 1
159 2445 1
431 2445 1
24 2446 1
163 2446 1
220 2447 1
204 2447 1
195 2448 1
692 2448 1
568 2448 1
581 2448 1
62 2448 1
414 2449 1
386 2450 1
467 2450 1
316 2451 1
247 2451 1
130 2451 1
163 2451 1
164 2451 1
344 2451 1
249 2451 1
202 2451 1
681 2452 1
432 2452 1
181 2452 1
119 2452 1
211 2452 1
206 2452 1
210 2452 1
249 2452 1
356 2453 1
403 2453 1
88 2453 1
388 2453 1
412 2453 1
119 2454 1
229 2454 1
16 2455 1
59 2455 1
386 2455 1
371 2455 1
82 2455 1
359 2455 1
198 2455 1
354 2455 1
17 2455 1
203 2455 1
121 2455 1
119 2456 1
155 2456 1
335 2457 1
497 2458 1
59 2459 1
371 2459 1
385 2459 1
344 2459 1
600 2459 1
257 2460 1
122 2461 1
10 2462 1
364 2462 1
283 2462 1
197 2462 1
431 2462 1
269 2463 1
257 2464 1
198 2464 1
8 2464 1
530 2464 1
386 2465 1
114 2465 1
693 2466 1
433 2467 1
316 2468 1
603 2468 1
545 2468 1
315 2468 1
81 2468 1
71 2468 1
156 2468 1
290 2468 1
369 2469 1
112 2470 1
364 2470 1
110 2471 1
263 2472 1
36 2473 1
671 2474 1
570 2474 1
388 2474 1
337 2475 1
369 2475 1
183 2476 1
87 2477 1
56 2478 1
297 2479 1
118 2479 1
306 2479 1
59 2480 1
204 2480 1
315 2481 1
364 2481 1
354 2481 1
578 2482 1
413 2482 1
422 2482 1
160 2482 1
357 2482 1
596 2482 1
163 2482 1
542 2482 1
223 2482 1
398 2483 1
113 2483 1
420 2484 1
148 2484 1
567 2484 1
326 2485 1
694 2485 1
80 2485 1
75 2485 1
678 2486 1
147 2486 1
366 2486 1
677 2487 1
420 2487 1
422 2487 1
266 2488 1
270 2488 1
133 2488 1
68 2488 1
475 2488 1
690 2489 1
661 2490 1
35 2491 1
37 2491 1
278 2491 1
212 2491 1
402 2492 1
95 2492 1
18 2492 1
317 2493 1
325 2494 1
467 2494 1
435 2494 1
210 2494 1
28 2495 1
193 2495 1
320 2495 1
155 2495 1
159 2495 1
109 2496 1
112 2497 1
63 2498 1
562 2499 1
35 2500 1
224 2500 1
584 2500 1
73 2501 1
87 2502 1
170 2502 1
89 2502 1
530 2503 1
204 2503 1
379 2504 1
375 2505 1
655 2505 1
184 2506 1
447 2507 1
18 2508 1
19 2508 1
242 2509 1
447 2510 1
460 2511 1
131 2511 1
46 2511 1
374 2511 1
403 2511 1
81 2511 1
103 2511 1
659 2511 1
328 2512 1
601 2513 1
297 2514 1
606 2514 1
226 2515 1
48 2515 1
279 2515 1
395 2515 1
64 2515 1
46 2515 1
358 2515 1
116 2515 1
362 2515 1
8 2515 1
43 2515 1
64 2516 1
403 2516 1
89 2516 1
