92
1 92
1 92 192
1 75 92 192
1 75 92 155 192
1 75 92 110 155 192
1 75 92 155 192 267 379
1 72 75 92 110 155 192 267
1 72 75 92 110 155 192 267 379
1 72 75 92 110 155 192 265 267 379
1 72 75 92 110 155 192 265 267 359 379
1 71 72 75 92 110 155 192 265 267 379 446
1 52 72 75 92 110 155 192 265 267 359 379 426
1 15 52 71 72 75 92 110 155 192 265 267 379 446
1 15 71 72 75 92 96 110 155 192 265 267 359 379 446
1 15 52 71 72 75 92 96 110 155 192 265 267 379 426 511
1 15 52 58 71 72 75 92 96 110 155 192 265 267 359 379 426
1 15 52 71 72 75 92 96 110 155 192 265 267 359 379 426 511 1030
1 15 52 58 68 71 72 75 92 96 110 155 192 265 267 359 379 426 446
1 15 24 52 68 71 72 75 92 96 110 155 192 265 267 359 379 426 511 1113
1 15 52 58 68 71 72 75 92 96 110 155 192 265 267 359 379 426 446 511 1113
1 15 52 58 68 71 72 75 92 96 110 122 155 192 206 265 267 359 379 426 446 1113
1 15 52 58 71 72 75 92 96 110 122 127 155 192 265 267 333 359 379 426 446 1030 1113
1 15 24 52 58 68 71 72 75 92 96 110 122 155 192 265 267 359 379 426 446 511 1030 1113
1 15 52 54 58 68 71 72 75 92 96 110 127 155 192 265 267 359 379 407 426 446 511 1030 1113
1 15 24 52 54 58 68 71 72 75 92 96 110 122 155 192 232 265 267 359 379 426 446 511 1030 1113
1 15 24 52 54 58 68 71 72 75 92 96 110 122 155 192 232 265 267 359 379 426 446 511 835 1030 1113
1 15 24 52 54 58 68 71 72 75 92 96 110 122 127 155 192 265 267 359 379 426 446 511 766 893 1030 1113
1 15 52 54 58 71 72 75 92 96 110 122 127 154 155 183 192 206 265 267 359 379 426 446 766 893 1030 1079 1113
1 15 24 52 54 58 68 71 72 75 92 96 110 122 127 151 154 155 192 232 265 267 359 379 426 446 511 766 1030 1113
