1035 2205
0 87 1
1 87 1
2 88 1
3 89 1
4 90 1
5 91 1
6 92 1
7 93 1
2 94 1
8 95 1
9 96 1
10 97 1
9 98 1
6 99 1
2 99 1
11 100 1
12 100 1
13 100 1
9 100 1
14 101 1
12 101 1
15 101 1
16 101 1
17 102 1
18 103 1
19 103 1
6 103 1
15 103 1
20 103 1
21 103 1
22 103 1
23 103 1
9 103 1
0 104 1
24 104 1
25 105 1
19 105 1
22 105 1
26 105 1
0 106 1
12 106 1
8 107 1
6 107 1
14 108 1
13 108 1
27 108 1
28 109 1
1 109 1
29 109 1
6 109 1
30 109 1
15 109 1
31 109 1
32 109 1
21 109 1
33 109 1
34 109 1
10 109 1
2 109 1
24 110 1
35 110 1
12 110 1
27 111 1
0 112 1
19 112 1
35 112 1
12 112 1
32 112 1
36 113 1
6 114 1
32 114 1
27 114 1
32 115 1
37 116 1
6 117 1
30 118 1
26 118 1
0 119 1
25 119 1
14 119 1
9 119 1
9 120 1
0 121 1
25 121 1
38 121 1
14 121 1
36 121 1
22 121 1
26 121 1
16 121 1
39 121 1
33 121 1
27 121 1
2 121 1
9 121 1
3 122 1
40 123 1
25 124 1
24 125 1
0 126 1
0 127 1
14 127 1
35 127 1
12 127 1
15 127 1
26 127 1
16 127 1
39 127 1
2 127 1
41 128 1
6 128 1
7 128 1
27 128 1
24 129 1
6 129 1
35 130 1
29 131 1
41 131 1
23 131 1
26 131 1
1 132 1
25 132 1
35 133 1
19 134 1
27 134 1
42 135 1
25 135 1
29 135 1
4 135 1
15 135 1
31 135 1
43 135 1
16 135 1
32 136 1
21 136 1
29 137 1
13 137 1
3 138 1
27 139 1
44 140 1
0 141 1
25 141 1
45 141 1
22 141 1
13 141 1
16 141 1
23 142 1
32 143 1
17 144 1
20 145 1
24 146 1
2 146 1
6 147 1
6 148 1
0 148 1
21 149 1
33 150 1
28 151 1
8 152 1
15 153 1
26 154 1
1 154 1
25 154 1
34 154 1
46 155 1
27 156 1
16 157 1
15 157 1
30 158 1
33 159 1
25 160 1
19 161 1
14 161 1
35 162 1
12 162 1
47 162 1
16 162 1
2 162 1
30 163 1
30 164 1
35 165 1
34 165 1
40 166 1
33 167 1
6 168 1
25 169 1
10 170 1
19 171 1
6 172 1
6 173 1
13 173 1
7 173 1
0 173 1
48 173 1
5 174 1
13 174 1
12 175 1
13 175 1
33 175 1
2 175 1
37 175 1
25 176 1
26 177 1
3 177 1
0 178 1
36 178 1
2 179 1
15 179 1
6 180 1
30 181 1
49 182 1
11 182 1
30 183 1
10 183 1
21 184 1
29 185 1
1 186 1
50 187 1
14 188 1
6 188 1
17 188 1
12 188 1
13 188 1
9 188 1
0 188 1
50 188 1
21 188 1
17 189 1
7 190 1
14 191 1
51 192 1
28 193 1
42 194 1
19 194 1
6 194 1
47 194 1
47 195 1
32 196 1
26 196 1
0 196 1
29 196 1
6 197 1
50 198 1
10 198 1
13 199 1
26 199 1
29 199 1
52 200 1
19 200 1
14 200 1
13 200 1
7 200 1
28 201 1
25 201 1
53 202 1
31 202 1
23 202 1
50 202 1
54 202 1
45 203 1
47 203 1
9 203 1
1 203 1
15 203 1
21 203 1
15 204 1
42 205 1
19 205 1
9 205 1
48 205 1
34 205 1
55 205 1
14 206 1
13 206 1
47 206 1
26 206 1
9 207 1
50 207 1
30 208 1
0 208 1
24 209 1
14 209 1
7 209 1
41 209 1
29 210 1
56 211 1
29 211 1
55 211 1
28 212 1
40 212 1
6 212 1
12 212 1
21 212 1
14 213 1
0 213 1
46 213 1
22 213 1
9 214 1
16 215 1
4 216 1
16 217 1
10 217 1
19 218 1
1 219 1
3 220 1
21 220 1
22 221 1
19 222 1
12 223 1
32 223 1
13 223 1
23 223 1
0 223 1
45 224 1
17 225 1
19 226 1
40 226 1
57 226 1
34 226 1
13 227 1
9 227 1
24 228 1
53 229 1
32 229 1
37 229 1
0 229 1
1 229 1
29 229 1
7 230 1
36 230 1
29 231 1
16 232 1
33 232 1
28 233 1
23 233 1
7 233 1
33 233 1
29 233 1
19 234 1
14 234 1
0 234 1
48 234 1
30 235 1
33 235 1
30 236 1
45 236 1
44 236 1
9 237 1
3 237 1
42 238 1
35 239 1
25 240 1
19 241 1
16 242 1
14 243 1
34 243 1
32 244 1
10 244 1
24 245 1
23 245 1
9 245 1
25 245 1
6 246 1
25 247 1
34 247 1
50 248 1
14 249 1
12 249 1
25 249 1
44 250 1
50 250 1
58 250 1
10 250 1
28 251 1
15 251 1
45 252 1
32 253 1
28 254 1
40 255 1
33 256 1
35 257 1
17 258 1
47 258 1
36 259 1
28 260 1
24 260 1
59 260 1
27 260 1
25 260 1
54 260 1
60 260 1
42 261 1
28 261 1
61 261 1
62 261 1
14 261 1
35 261 1
12 261 1
45 261 1
31 261 1
47 261 1
23 261 1
26 261 1
27 261 1
2 261 1
9 261 1
0 261 1
25 261 1
57 261 1
3 261 1
48 261 1
21 261 1
60 261 1
22 261 1
34 261 1
63 262 1
13 263 1
30 264 1
14 265 1
14 266 1
6 266 1
26 266 1
7 266 1
0 266 1
3 266 1
21 266 1
60 266 1
1 267 1
6 268 1
0 269 1
36 269 1
34 269 1
24 270 1
13 270 1
19 271 1
19 272 1
27 272 1
28 273 1
19 273 1
14 273 1
35 273 1
45 273 1
53 273 1
31 273 1
13 273 1
26 273 1
56 273 1
2 273 1
64 273 1
9 273 1
0 273 1
50 273 1
58 273 1
1 273 1
25 273 1
54 273 1
48 273 1
46 273 1
22 273 1
19 274 1
6 275 1
29 275 1
6 276 1
23 276 1
2 276 1
34 276 1
6 277 1
59 277 1
56 277 1
3 277 1
39 277 1
19 278 1
38 278 1
61 279 1
19 279 1
31 279 1
4 279 1
14 280 1
35 280 1
17 280 1
14 281 1
6 281 1
12 281 1
30 281 1
45 281 1
32 281 1
13 281 1
47 281 1
7 281 1
16 281 1
33 281 1
2 281 1
9 281 1
1 281 1
15 281 1
21 281 1
19 282 1
12 282 1
0 282 1
35 283 1
47 283 1
13 284 1
5 285 1
6 285 1
12 285 1
7 285 1
19 286 1
9 286 1
0 286 1
50 286 1
15 286 1
22 286 1
35 287 1
21 287 1
3 288 1
9 289 1
8 290 1
6 290 1
27 290 1
9 290 1
24 291 1
13 292 1
16 293 1
37 294 1
47 295 1
29 296 1
0 297 1
4 298 1
10 298 1
39 299 1
22 300 1
9 301 1
29 301 1
21 301 1
1 302 1
13 303 1
26 303 1
16 303 1
22 303 1
65 304 1
6 305 1
12 305 1
25 305 1
34 305 1
28 306 1
29 307 1
6 308 1
12 308 1
14 309 1
13 309 1
21 309 1
49 310 1
66 310 1
46 311 1
14 312 1
35 312 1
12 312 1
0 312 1
42 313 1
53 313 1
21 313 1
10 313 1
24 314 1
15 314 1
7 315 1
52 316 1
67 316 1
14 316 1
40 316 1
32 316 1
23 316 1
68 316 1
0 316 1
50 316 1
69 316 1
70 316 1
29 316 1
54 316 1
71 316 1
21 316 1
34 316 1
10 316 1
19 317 1
6 318 1
27 318 1
34 318 1
10 319 1
52 320 1
2 321 1
67 322 1
16 322 1
29 322 1
55 322 1
28 323 1
21 323 1
50 324 1
9 325 1
29 325 1
6 326 1
33 326 1
15 326 1
39 326 1
25 327 1
21 327 1
10 328 1
22 329 1
24 330 1
24 331 1
40 331 1
6 331 1
17 331 1
29 331 1
19 332 1
31 332 1
17 333 1
27 333 1
15 333 1
21 333 1
39 333 1
28 334 1
14 334 1
6 334 1
9 334 1
3 334 1
15 334 1
29 335 1
23 336 1
31 337 1
25 337 1
29 337 1
45 338 1
32 338 1
47 339 1
0 340 1
10 341 1
13 342 1
25 342 1
13 343 1
8 344 1
12 344 1
44 344 1
39 344 1
10 344 1
30 345 1
47 345 1
20 346 1
12 347 1
30 347 1
35 348 1
19 349 1
22 349 1
13 350 1
25 350 1
24 351 1
35 351 1
26 351 1
14 352 1
40 352 1
7 352 1
3 352 1
22 352 1
49 353 1
42 354 1
5 354 1
14 354 1
35 354 1
12 354 1
30 354 1
45 354 1
32 354 1
13 354 1
47 354 1
7 354 1
16 354 1
33 354 1
0 354 1
57 354 1
3 354 1
36 354 1
22 354 1
39 354 1
34 354 1
72 355 1
61 355 1
39 355 1
24 356 1
28 357 1
6 357 1
13 357 1
26 357 1
7 357 1
59 357 1
56 357 1
2 357 1
9 357 1
58 357 1
25 357 1
29 357 1
11 357 1
15 357 1
21 357 1
22 357 1
10 357 1
16 358 1
9 358 1
48 358 1
22 358 1
49 359 1
6 359 1
2 360 1
21 360 1
55 361 1
14 362 1
30 362 1
13 362 1
16 362 1
22 362 1
34 362 1
14 363 1
30 363 1
32 363 1
4 363 1
22 363 1
32 364 1
9 364 1
45 365 1
9 365 1
15 365 1
21 365 1
28 366 1
6 366 1
12 366 1
53 366 1
2 366 1
25 366 1
4 366 1
15 366 1
21 366 1
9 367 1
6 368 1
12 368 1
30 368 1
13 368 1
23 368 1
7 368 1
21 368 1
55 368 1
6 369 1
27 369 1
29 369 1
55 369 1
28 370 1
16 370 1
50 370 1
9 371 1
49 372 1
72 372 1
24 372 1
67 372 1
14 372 1
40 372 1
12 372 1
45 372 1
53 372 1
20 372 1
47 372 1
16 372 1
33 372 1
0 372 1
50 372 1
57 372 1
11 372 1
15 372 1
21 372 1
39 372 1
34 372 1
65 372 1
55 373 1
28 374 1
33 375 1
12 376 1
45 376 1
53 376 1
22 376 1
39 376 1
19 377 1
45 377 1
47 377 1
4 377 1
28 378 1
4 379 1
32 380 1
11 380 1
2 381 1
10 382 1
19 383 1
14 383 1
12 383 1
45 383 1
7 383 1
25 383 1
28 384 1
2 384 1
6 385 1
12 385 1
13 385 1
19 386 1
21 386 1
16 387 1
9 388 1
50 388 1
29 388 1
15 388 1
10 388 1
20 389 1
13 390 1
4 390 1
39 390 1
7 391 1
16 392 1
33 392 1
14 393 1
21 393 1
28 394 1
19 395 1
5 395 1
32 395 1
73 395 1
30 396 1
16 396 1
19 397 1
1 397 1
6 398 1
29 398 1
55 399 1
61 400 1
5 400 1
26 400 1
16 400 1
34 400 1
70 401 1
19 402 1
9 403 1
28 404 1
25 404 1
21 404 1
30 405 1
3 405 1
14 406 1
6 406 1
12 406 1
23 406 1
2 406 1
9 406 1
1 406 1
63 406 1
47 407 1
0 407 1
36 407 1
53 408 1
13 408 1
1 409 1
10 409 1
45 410 1
12 411 1
45 411 1
0 411 1
22 411 1
34 411 1
11 412 1
19 413 1
53 413 1
10 414 1
45 415 1
4 415 1
55 415 1
29 416 1
6 417 1
27 418 1
35 419 1
9 420 1
30 421 1
50 422 1
3 423 1
10 424 1
28 425 1
12 426 1
21 426 1
3 427 1
21 428 1
19 429 1
13 430 1
74 431 1
33 432 1
35 433 1
6 433 1
12 433 1
33 433 1
3 433 1
34 433 1
55 433 1
75 434 1
24 435 1
35 436 1
22 436 1
76 436 1
6 437 1
45 437 1
21 437 1
19 438 1
56 438 1
34 438 1
12 439 1
16 439 1
13 440 1
2 441 1
10 442 1
28 443 1
21 444 1
14 445 1
9 445 1
29 446 1
1 447 1
14 448 1
6 448 1
10 449 1
19 450 1
33 450 1
9 450 1
3 450 1
65 451 1
17 452 1
24 453 1
56 453 1
0 453 1
22 453 1
76 453 1
33 454 1
2 454 1
27 455 1
11 456 1
42 457 1
21 458 1
33 459 1
13 460 1
65 461 1
3 462 1
15 463 1
10 464 1
6 465 1
13 465 1
12 466 1
30 466 1
46 467 1
33 468 1
14 469 1
13 469 1
26 469 1
9 469 1
0 469 1
39 469 1
5 470 1
6 471 1
16 472 1
9 472 1
3 472 1
61 473 1
28 474 1
61 474 1
32 474 1
13 474 1
23 474 1
16 474 1
56 474 1
1 474 1
8 475 1
13 476 1
6 477 1
40 478 1
25 479 1
16 480 1
9 481 1
14 482 1
20 483 1
34 484 1
22 485 1
21 486 1
46 487 1
34 488 1
15 489 1
40 490 1
40 491 1
26 492 1
24 493 1
19 493 1
14 493 1
9 493 1
0 493 1
35 494 1
25 494 1
32 495 1
0 495 1
45 496 1
13 496 1
16 496 1
0 496 1
19 497 1
13 497 1
14 498 1
45 498 1
0 498 1
24 499 1
25 500 1
24 501 1
25 501 1
47 502 1
8 503 1
47 503 1
19 504 1
15 505 1
49 506 1
25 507 1
35 508 1
25 508 1
24 509 1
26 510 1
42 511 1
13 512 1
25 513 1
9 514 1
6 515 1
13 515 1
28 516 1
19 516 1
16 516 1
37 516 1
1 516 1
39 516 1
19 517 1
16 517 1
15 517 1
39 517 1
18 518 1
19 518 1
9 518 1
25 518 1
38 518 1
12 519 1
41 519 1
22 519 1
19 520 1
13 521 1
23 521 1
41 521 1
5 522 1
20 522 1
9 522 1
25 522 1
13 523 1
9 523 1
38 523 1
20 524 1
21 524 1
23 525 1
19 526 1
14 526 1
35 526 1
6 526 1
30 526 1
23 526 1
16 526 1
0 526 1
24 527 1
0 527 1
22 527 1
18 528 1
6 528 1
37 528 1
25 528 1
13 529 1
77 530 1
21 531 1
9 532 1
47 533 1
17 534 1
24 535 1
19 535 1
0 535 1
25 535 1
38 535 1
22 535 1
19 536 1
9 536 1
34 537 1
32 538 1
71 539 1
42 540 1
12 541 1
2 542 1
21 542 1
10 543 1
24 544 1
26 544 1
30 545 1
20 545 1
16 545 1
28 546 1
24 546 1
19 546 1
12 546 1
45 546 1
53 546 1
31 546 1
26 546 1
7 546 1
0 546 1
1 546 1
25 546 1
39 546 1
34 546 1
17 547 1
6 548 1
45 548 1
13 548 1
42 549 1
30 549 1
17 550 1
8 551 1
1 552 1
14 553 1
12 553 1
13 553 1
34 553 1
25 554 1
30 555 1
32 556 1
25 557 1
6 558 1
13 558 1
78 559 1
12 559 1
59 559 1
34 559 1
6 560 1
67 561 1
13 561 1
9 561 1
76 561 1
6 562 1
13 562 1
25 562 1
35 563 1
0 564 1
2 565 1
9 565 1
0 565 1
25 565 1
34 565 1
56 566 1
14 567 1
16 567 1
33 567 1
9 567 1
35 568 1
23 568 1
9 568 1
0 568 1
35 569 1
32 569 1
7 569 1
37 569 1
1 569 1
25 569 1
29 569 1
22 569 1
7 570 1
24 571 1
53 571 1
9 572 1
15 572 1
19 573 1
19 574 1
23 575 1
0 576 1
39 576 1
34 576 1
24 577 1
9 577 1
51 577 1
53 578 1
20 579 1
38 580 1
35 581 1
7 581 1
16 581 1
9 581 1
4 581 1
39 581 1
34 581 1
19 582 1
53 583 1
23 583 1
1 584 1
42 585 1
40 586 1
4 587 1
20 588 1
26 588 1
0 589 1
39 589 1
9 590 1
66 590 1
38 590 1
22 590 1
39 590 1
12 591 1
56 591 1
66 591 1
22 592 1
12 593 1
9 593 1
0 593 1
35 594 1
33 595 1
28 596 1
25 597 1
20 598 1
21 599 1
6 600 1
2 601 1
15 601 1
34 601 1
1 602 1
24 603 1
0 604 1
29 604 1
3 604 1
22 604 1
79 605 1
19 605 1
14 605 1
35 605 1
80 605 1
45 605 1
31 605 1
23 605 1
26 605 1
56 605 1
27 605 1
0 605 1
25 605 1
54 605 1
38 605 1
41 605 1
22 605 1
72 606 1
6 607 1
45 607 1
26 607 1
27 607 1
14 608 1
2 609 1
49 610 1
6 610 1
12 610 1
13 610 1
2 610 1
1 610 1
25 610 1
26 611 1
19 612 1
14 613 1
35 613 1
13 613 1
64 613 1
9 613 1
0 613 1
51 613 1
19 614 1
0 615 1
6 616 1
25 617 1
4 618 1
21 619 1
34 620 1
10 620 1
24 621 1
61 621 1
81 621 1
32 621 1
59 621 1
27 621 1
2 621 1
0 621 1
57 621 1
3 621 1
41 621 1
34 621 1
55 621 1
62 622 1
14 622 1
3 622 1
60 622 1
39 622 1
12 623 1
7 623 1
29 624 1
6 625 1
20 625 1
14 626 1
6 626 1
13 626 1
16 626 1
33 626 1
25 626 1
53 627 1
66 627 1
65 627 1
45 628 1
2 628 1
13 629 1
19 630 1
5 630 1
0 630 1
8 631 1
61 631 1
19 631 1
47 631 1
0 631 1
70 631 1
10 631 1
16 632 1
33 632 1
13 633 1
0 633 1
27 634 1
12 635 1
30 635 1
6 636 1
9 637 1
29 637 1
21 637 1
14 638 1
16 638 1
33 638 1
25 638 1
34 639 1
45 640 1
45 641 1
28 642 1
15 642 1
60 642 1
39 642 1
0 643 1
25 644 1
53 645 1
9 646 1
17 647 1
14 648 1
72 649 1
6 650 1
12 651 1
26 652 1
17 653 1
30 653 1
13 653 1
27 653 1
47 654 1
17 655 1
14 656 1
17 656 1
9 657 1
12 658 1
53 659 1
7 659 1
35 660 1
14 661 1
47 661 1
16 661 1
33 661 1
56 661 1
4 661 1
22 662 1
12 663 1
10 664 1
28 665 1
14 666 1
23 666 1
26 666 1
56 666 1
0 666 1
22 666 1
34 666 1
19 667 1
14 668 1
35 668 1
33 668 1
21 669 1
19 670 1
9 671 1
29 672 1
29 673 1
2 674 1
19 675 1
6 675 1
34 675 1
24 676 1
23 676 1
9 676 1
60 676 1
53 677 1
12 678 1
16 678 1
33 678 1
39 678 1
42 679 1
30 680 1
28 681 1
6 681 1
17 681 1
12 681 1
45 681 1
13 681 1
48 681 1
30 682 1
24 683 1
6 683 1
45 683 1
39 683 1
5 684 1
16 684 1
9 684 1
0 684 1
14 685 1
35 686 1
47 686 1
3 686 1
21 686 1
34 686 1
65 686 1
56 687 1
9 688 1
19 689 1
6 690 1
45 690 1
2 690 1
1 690 1
19 691 1
6 691 1
13 691 1
16 691 1
2 691 1
4 691 1
39 691 1
24 692 1
1 692 1
25 692 1
29 693 1
42 694 1
42 695 1
0 695 1
20 696 1
9 696 1
29 696 1
21 696 1
32 697 1
9 697 1
22 698 1
59 699 1
9 700 1
14 701 1
45 701 1
0 701 1
29 701 1
53 702 1
2 702 1
12 703 1
3 704 1
29 705 1
21 706 1
24 707 1
19 707 1
3 707 1
33 708 1
19 709 1
50 710 1
10 710 1
2 711 1
25 711 1
3 712 1
13 713 1
43 713 1
39 713 1
39 714 1
34 714 1
30 715 1
6 716 1
55 716 1
14 717 1
30 718 1
19 719 1
9 720 1
12 721 1
45 721 1
2 721 1
25 721 1
9 722 1
16 723 1
6 724 1
12 725 1
0 726 1
2 727 1
24 728 1
53 729 1
15 729 1
21 729 1
30 730 1
36 730 1
42 731 1
11 732 1
27 733 1
21 734 1
32 735 1
6 736 1
16 736 1
56 737 1
34 737 1
12 738 1
21 738 1
13 739 1
4 740 1
28 741 1
19 741 1
6 741 1
13 741 1
23 741 1
27 741 1
9 741 1
22 741 1
39 741 1
42 741 1
20 741 1
7 741 1
2 741 1
3 741 1
21 741 1
0 742 1
42 742 1
35 743 1
33 743 1
12 744 1
16 744 1
33 744 1
36 745 1
8 746 1
0 747 1
45 748 1
30 748 1
16 748 1
33 748 1
16 749 1
72 750 1
45 750 1
0 750 1
55 750 1
30 750 1
47 750 1
16 750 1
33 750 1
59 751 1
14 752 1
13 752 1
34 752 1
19 753 1
13 754 1
21 755 1
27 756 1
45 757 1
13 757 1
27 757 1
25 757 1
16 758 1
50 759 1
21 760 1
35 761 1
30 762 1
30 763 1
14 764 1
0 764 1
45 765 1
13 765 1
16 765 1
33 765 1
65 766 1
7 767 1
13 768 1
26 768 1
33 768 1
21 768 1
7 769 1
0 770 1
29 771 1
21 771 1
16 772 1
12 773 1
45 773 1
7 773 1
21 773 1
72 774 1
10 775 1
2 776 1
29 777 1
27 778 1
8 779 1
53 779 1
26 779 1
42 779 1
66 779 1
60 780 1
13 781 1
35 782 1
30 782 1
32 782 1
1 782 1
45 783 1
25 784 1
21 784 1
8 785 1
21 786 1
29 787 1
6 788 1
4 789 1
7 790 1
26 791 1
9 792 1
24 792 1
25 793 1
0 794 1
25 794 1
24 795 1
25 795 1
6 796 1
14 797 1
0 797 1
24 798 1
28 799 1
19 799 1
12 799 1
45 799 1
53 799 1
31 799 1
13 799 1
27 799 1
15 799 1
76 799 1
47 799 1
33 799 1
1 799 1
25 799 1
38 799 1
41 799 1
14 800 1
12 800 1
45 800 1
13 800 1
27 800 1
37 800 1
0 800 1
22 800 1
34 800 1
52 800 1
24 800 1
35 800 1
80 800 1
32 800 1
7 800 1
25 800 1
57 800 1
3 800 1
82 800 1
21 800 1
43 800 1
25 801 1
25 802 1
4 802 1
12 803 1
65 803 1
33 804 1
13 805 1
6 806 1
9 807 1
13 808 1
26 808 1
35 808 1
19 809 1
0 809 1
19 810 1
6 810 1
51 810 1
32 810 1
25 810 1
41 810 1
19 811 1
6 811 1
12 811 1
26 811 1
0 811 1
42 811 1
5 811 1
35 811 1
25 811 1
19 812 1
12 812 1
6 813 1
56 813 1
22 813 1
60 813 1
16 814 1
4 815 1
19 816 1
62 816 1
6 816 1
12 816 1
45 816 1
13 816 1
9 816 1
24 816 1
5 816 1
35 816 1
1 816 1
25 816 1
38 816 1
19 817 1
22 817 1
19 818 1
22 818 1
34 819 1
83 820 1
14 820 1
31 820 1
23 820 1
27 820 1
0 820 1
22 820 1
39 820 1
24 820 1
80 820 1
1 820 1
3 820 1
38 820 1
0 821 1
21 822 1
19 823 1
31 824 1
0 825 1
22 826 1
13 827 1
42 828 1
0 829 1
22 829 1
27 830 1
4 830 1
0 831 1
3 832 1
14 833 1
14 834 1
13 834 1
7 834 1
22 835 1
24 835 1
30 836 1
14 837 1
14 838 1
22 839 1
42 839 1
7 840 1
53 841 1
5 841 1
32 841 1
36 841 1
6 842 1
14 843 1
35 843 1
3 844 1
34 845 1
30 845 1
83 846 1
26 847 1
53 848 1
4 848 1
14 849 1
53 849 1
13 849 1
24 849 1
25 849 1
47 850 1
13 851 1
61 851 1
35 851 1
25 851 1
13 852 1
23 852 1
22 852 1
34 852 1
61 852 1
13 853 1
14 854 1
0 854 1
16 854 1
33 854 1
68 855 1
19 856 1
22 856 1
6 857 1
14 858 1
26 859 1
6 860 1
33 861 1
29 862 1
3 863 1
19 864 1
6 864 1
17 864 1
12 864 1
27 864 1
0 864 1
34 864 1
55 864 1
35 864 1
7 864 1
19 865 1
19 866 1
13 866 1
22 866 1
30 866 1
29 867 1
25 867 1
5 868 1
19 869 1
0 869 1
24 869 1
32 869 1
17 870 1
14 871 1
6 871 1
53 871 1
0 871 1
25 871 1
28 872 1
12 872 1
45 872 1
53 872 1
15 872 1
39 872 1
34 872 1
2 872 1
25 872 1
8 873 1
22 873 1
1 874 1
57 874 1
6 875 1
23 875 1
26 875 1
24 876 1
25 877 1
29 878 1
21 879 1
84 880 1
39 881 1
42 882 1
56 883 1
0 883 1
79 884 1
58 885 1
46 886 1
6 887 1
15 887 1
34 887 1
84 888 1
19 889 1
10 890 1
29 891 1
47 892 1
2 893 1
1 893 1
25 893 1
19 894 1
24 894 1
66 895 1
27 896 1
25 897 1
31 898 1
6 899 1
26 899 1
29 899 1
25 899 1
53 900 1
9 900 1
19 901 1
12 902 1
24 903 1
32 904 1
36 904 1
6 905 1
30 905 1
13 906 1
9 906 1
0 906 1
64 906 1
60 906 1
0 907 1
19 908 1
53 908 1
22 908 1
39 908 1
16 908 1
33 908 1
4 908 1
7 909 1
17 910 1
14 911 1
25 912 1
13 913 1
24 913 1
6 914 1
53 914 1
33 914 1
25 914 1
82 914 1
22 915 1
32 915 1
25 915 1
45 916 1
34 916 1
35 916 1
16 917 1
17 918 1
24 918 1
25 918 1
3 918 1
7 919 1
15 920 1
4 920 1
27 921 1
0 921 1
29 922 1
14 923 1
9 923 1
0 923 1
29 923 1
6 924 1
45 924 1
10 924 1
25 924 1
29 925 1
15 925 1
16 926 1
33 926 1
14 927 1
6 927 1
12 927 1
0 927 1
42 927 1
80 928 1
62 929 1
0 930 1
45 931 1
34 931 1
60 932 1
0 933 1
9 934 1
14 935 1
13 935 1
23 935 1
0 935 1
22 935 1
34 935 1
40 936 1
7 937 1
8 938 1
27 938 1
5 938 1
47 938 1
16 938 1
33 938 1
16 939 1
14 940 1
13 940 1
9 941 1
22 941 1
7 942 1
45 943 1
9 943 1
3 944 1
14 945 1
6 945 1
45 945 1
0 945 1
29 945 1
16 945 1
3 946 1
84 947 1
13 948 1
7 948 1
26 949 1
19 950 1
12 950 1
45 950 1
50 950 1
29 950 1
35 950 1
32 950 1
16 950 1
84 951 1
8 952 1
13 953 1
7 953 1
13 954 1
0 955 1
85 955 1
22 955 1
25 956 1
5 957 1
8 958 1
19 958 1
6 958 1
45 958 1
23 958 1
0 958 1
5 958 1
25 958 1
48 958 1
36 958 1
23 959 1
26 959 1
22 959 1
25 959 1
14 960 1
0 961 1
24 961 1
47 961 1
7 961 1
0 962 1
19 963 1
13 963 1
35 963 1
25 963 1
60 964 1
6 965 1
6 966 1
27 966 1
24 966 1
5 967 1
22 968 1
6 969 1
24 969 1
30 969 1
15 970 1
0 971 1
0 972 1
8 973 1
14 973 1
23 973 1
39 973 1
1 973 1
25 973 1
38 973 1
29 974 1
34 975 1
7 976 1
22 977 1
32 977 1
9 978 1
0 979 1
55 979 1
65 979 1
32 980 1
14 981 1
45 981 1
0 981 1
29 981 1
2 982 1
17 983 1
1 984 1
7 985 1
25 985 1
15 986 1
47 987 1
8 988 1
3 989 1
8 990 1
12 990 1
13 990 1
9 990 1
22 990 1
24 990 1
7 990 1
6 991 1
7 991 1
24 992 1
28 993 1
19 993 1
17 993 1
12 993 1
45 993 1
13 993 1
26 993 1
0 993 1
15 993 1
76 993 1
24 993 1
35 993 1
7 993 1
1 993 1
3 993 1
0 994 1
22 994 1
61 994 1
3 994 1
72 995 1
14 995 1
6 995 1
12 995 1
45 995 1
23 995 1
22 995 1
33 995 1
41 995 1
60 995 1
32 996 1
47 997 1
25 998 1
14 999 1
13 999 1
21 999 1
8 1000 1
17 1000 1
4 1001 1
15 1002 1
46 1003 1
30 1004 1
13 1005 1
13 1006 1
32 1006 1
30 1007 1
60 1008 1
0 1009 1
5 1009 1
3 1010 1
61 1011 1
12 1012 1
16 1012 1
25 1012 1
16 1013 1
33 1013 1
25 1013 1
3 1014 1
19 1015 1
45 1015 1
23 1015 1
30 1015 1
32 1015 1
9 1016 1
8 1017 1
6 1018 1
17 1018 1
13 1018 1
9 1018 1
51 1018 1
86 1018 1
20 1018 1
25 1018 1
21 1018 1
4 1019 1
14 1020 1
22 1020 1
42 1020 1
85 1021 1
8 1022 1
6 1023 1
12 1023 1
39 1023 1
32 1023 1
2 1023 1
41 1023 1
0 1024 1
29 1025 1
12 1026 1
4 1027 1
19 1028 1
42 1029 1
17 1030 1
26 1030 1
24 1030 1
22 1031 1
24 1032 1
6 1033 1
0 1033 1
5 1033 1
35 1033 1
25 1033 1
13 1034 1
42 1034 1
24 1034 1
