2143 7622
0 36 1
1 37 1
2 38 1
3 38 1
4 38 1
5 38 1
6 38 1
0 38 1
7 38 1
8 39 1
9 40 1
10 40 1
11 40 1
9 41 1
10 41 1
12 41 1
13 41 1
14 41 1
15 41 1
16 41 1
17 41 1
3 42 1
16 42 1
0 42 1
10 43 1
12 43 1
8 43 1
18 43 1
15 43 1
16 43 1
17 43 1
19 43 1
0 43 1
15 44 1
2 45 1
20 45 1
9 46 1
14 46 1
15 46 1
2 46 1
3 47 1
16 47 1
0 47 1
10 47 1
2 48 1
8 49 1
3 49 1
14 49 1
15 49 1
16 49 1
0 49 1
10 49 1
2 49 1
1 49 1
20 49 1
21 49 1
7 49 1
0 50 1
3 51 1
2 51 1
2 52 1
22 53 1
3 53 1
15 53 1
5 53 1
0 53 1
10 53 1
17 53 1
8 54 1
3 55 1
0 55 1
3 56 1
2 56 1
1 56 1
9 57 1
23 57 1
3 57 1
14 57 1
15 57 1
16 57 1
5 57 1
0 57 1
10 57 1
6 57 1
14 58 1
16 58 1
10 58 1
9 59 1
15 59 1
17 59 1
16 60 1
9 61 1
23 61 1
22 61 1
13 61 1
8 61 1
3 61 1
24 61 1
14 61 1
15 61 1
16 61 1
5 61 1
0 61 1
10 61 1
20 61 1
21 61 1
6 61 1
17 61 1
17 62 1
8 63 1
15 63 1
0 63 1
2 63 1
1 63 1
20 63 1
17 63 1
7 63 1
9 64 1
16 65 1
17 66 1
9 67 1
15 67 1
16 67 1
17 67 1
2 68 1
14 69 1
16 69 1
2 70 1
9 71 1
22 71 1
5 71 1
10 71 1
12 71 1
2 71 1
0 72 1
3 73 1
16 73 1
5 73 1
0 73 1
10 73 1
21 73 1
23 74 1
5 74 1
9 75 1
23 75 1
13 75 1
8 75 1
3 75 1
16 75 1
5 75 1
0 75 1
10 75 1
12 75 1
25 75 1
20 75 1
21 75 1
17 75 1
7 76 1
8 77 1
2 77 1
1 77 1
26 77 1
17 77 1
7 77 1
9 78 1
16 79 1
3 80 1
14 80 1
16 80 1
0 80 1
10 80 1
2 80 1
17 80 1
3 81 1
14 81 1
10 81 1
17 82 1
9 83 1
14 83 1
15 83 1
8 84 1
14 84 1
10 84 1
2 85 1
23 86 1
3 86 1
14 86 1
15 86 1
16 86 1
0 86 1
10 86 1
20 86 1
17 86 1
9 87 1
23 87 1
22 87 1
13 87 1
8 87 1
3 87 1
24 87 1
14 87 1
15 87 1
16 87 1
5 87 1
0 87 1
10 87 1
12 87 1
2 87 1
11 87 1
1 87 1
20 87 1
27 87 1
6 87 1
17 87 1
7 87 1
8 88 1
20 88 1
23 89 1
17 89 1
9 90 1
8 90 1
3 90 1
15 90 1
16 90 1
5 90 1
0 90 1
10 90 1
20 90 1
6 90 1
8 91 1
2 92 1
1 92 1
23 93 1
3 93 1
14 93 1
15 93 1
5 93 1
0 93 1
10 93 1
9 94 1
22 94 1
5 94 1
20 94 1
17 94 1
7 95 1
8 96 1
9 97 1
15 97 1
16 97 1
10 97 1
15 98 1
16 98 1
20 98 1
9 99 1
16 99 1
17 99 1
0 100 1
12 100 1
1 101 1
14 102 1
2 102 1
17 102 1
9 103 1
22 103 1
14 103 1
15 103 1
0 103 1
28 103 1
17 103 1
7 103 1
17 104 1
3 105 1
9 106 1
3 106 1
14 106 1
15 106 1
5 106 1
20 106 1
8 107 1
3 107 1
0 107 1
10 107 1
12 107 1
2 107 1
1 107 1
16 108 1
9 109 1
23 109 1
15 109 1
20 109 1
7 109 1
20 110 1
7 110 1
15 111 1
9 112 1
22 112 1
8 112 1
3 112 1
0 112 1
1 112 1
20 112 1
1 113 1
3 114 1
5 114 1
0 114 1
17 114 1
9 115 1
8 116 1
8 117 1
20 118 1
17 118 1
22 119 1
0 120 1
8 121 1
18 121 1
16 121 1
1 121 1
15 122 1
10 122 1
3 123 1
5 123 1
3 124 1
14 124 1
16 124 1
0 124 1
10 124 1
9 125 1
22 125 1
13 125 1
3 125 1
18 125 1
5 125 1
0 125 1
10 125 1
12 125 1
2 125 1
11 125 1
1 125 1
21 125 1
28 125 1
6 125 1
17 125 1
7 125 1
8 126 1
3 126 1
16 126 1
5 126 1
0 126 1
10 126 1
12 126 1
11 126 1
6 126 1
17 126 1
9 127 1
8 127 1
15 127 1
9 128 1
23 129 1
8 129 1
18 129 1
24 129 1
15 129 1
16 129 1
10 129 1
17 130 1
22 131 1
8 131 1
0 131 1
10 131 1
2 131 1
20 131 1
17 131 1
7 131 1
16 132 1
17 132 1
9 133 1
23 133 1
22 133 1
3 133 1
14 133 1
15 133 1
10 133 1
17 133 1
5 134 1
20 134 1
17 134 1
3 135 1
4 136 1
2 136 1
20 136 1
17 136 1
7 136 1
2 137 1
0 138 1
17 139 1
29 139 1
8 140 1
14 141 1
0 141 1
8 142 1
15 142 1
15 143 1
22 144 1
4 144 1
7 144 1
9 145 1
3 146 1
17 147 1
15 148 1
16 148 1
20 148 1
29 149 1
20 150 1
9 151 1
23 151 1
3 151 1
14 151 1
10 151 1
9 152 1
23 152 1
30 152 1
24 152 1
15 152 1
16 152 1
5 152 1
0 152 1
12 152 1
2 152 1
27 152 1
6 152 1
19 152 1
9 153 1
10 153 1
10 154 1
17 154 1
1 155 1
7 156 1
9 157 1
14 157 1
5 157 1
10 157 1
17 157 1
8 158 1
20 158 1
16 159 1
20 159 1
21 159 1
3 160 1
10 160 1
17 160 1
9 161 1
22 161 1
3 161 1
14 161 1
16 161 1
10 161 1
17 161 1
8 161 1
15 161 1
11 161 1
20 161 1
7 161 1
9 162 1
17 162 1
15 162 1
2 162 1
7 162 1
14 163 1
22 164 1
9 165 1
22 165 1
16 165 1
10 165 1
0 165 1
3 166 1
0 166 1
17 167 1
17 168 1
1 168 1
9 169 1
3 169 1
9 170 1
5 170 1
12 170 1
2 170 1
1 170 1
20 170 1
9 171 1
3 171 1
14 171 1
10 171 1
17 171 1
8 171 1
15 171 1
0 171 1
2 171 1
11 171 1
3 172 1
10 173 1
4 174 1
7 174 1
9 175 1
23 175 1
13 175 1
3 175 1
4 175 1
16 175 1
10 175 1
8 175 1
15 175 1
0 175 1
12 175 1
2 175 1
6 175 1
7 175 1
0 176 1
9 177 1
8 177 1
1 177 1
20 177 1
7 177 1
17 178 1
20 179 1
9 180 1
1 180 1
14 181 1
5 181 1
10 181 1
0 181 1
9 182 1
22 182 1
13 182 1
3 182 1
14 182 1
10 182 1
17 182 1
8 182 1
15 182 1
0 182 1
2 182 1
11 182 1
1 182 1
20 182 1
6 182 1
9 183 1
10 183 1
4 184 1
10 184 1
7 184 1
9 185 1
22 185 1
17 185 1
8 186 1
16 187 1
8 187 1
15 187 1
17 188 1
2 188 1
20 188 1
0 189 1
10 190 1
17 190 1
15 190 1
22 191 1
3 191 1
4 191 1
10 191 1
17 191 1
2 191 1
11 191 1
1 191 1
26 191 1
20 191 1
7 191 1
9 192 1
10 192 1
17 192 1
8 192 1
7 193 1
20 194 1
16 195 1
8 195 1
0 195 1
6 196 1
2 197 1
17 198 1
7 199 1
9 200 1
9 201 1
9 202 1
23 202 1
22 202 1
3 202 1
16 202 1
10 202 1
8 202 1
24 202 1
15 202 1
0 202 1
20 202 1
27 202 1
7 202 1
9 203 1
22 203 1
3 203 1
16 203 1
10 203 1
29 203 1
8 203 1
0 203 1
12 203 1
2 203 1
20 203 1
7 203 1
17 204 1
0 204 1
20 205 1
16 206 1
2 207 1
10 208 1
15 209 1
0 209 1
20 209 1
2 210 1
7 210 1
10 211 1
16 212 1
8 212 1
20 212 1
31 213 1
20 213 1
23 214 1
22 214 1
3 214 1
14 214 1
16 214 1
10 214 1
17 214 1
15 214 1
0 214 1
23 215 1
16 215 1
15 215 1
3 216 1
22 217 1
8 217 1
20 217 1
17 218 1
9 219 1
3 219 1
20 220 1
0 221 1
9 222 1
9 223 1
16 223 1
15 223 1
9 224 1
22 224 1
3 224 1
10 224 1
17 224 1
20 224 1
17 225 1
7 225 1
9 226 1
22 226 1
16 226 1
10 226 1
20 226 1
9 227 1
9 228 1
23 228 1
17 228 1
15 228 1
16 229 1
24 229 1
0 229 1
12 229 1
2 229 1
8 230 1
8 231 1
16 232 1
8 233 1
20 233 1
1 234 1
1 235 1
24 236 1
9 237 1
22 237 1
3 237 1
14 237 1
16 237 1
10 237 1
15 237 1
20 238 1
4 239 1
2 239 1
1 239 1
7 239 1
9 240 1
14 241 1
17 241 1
17 242 1
7 242 1
9 243 1
16 243 1
10 243 1
15 243 1
3 244 1
14 244 1
17 244 1
0 245 1
9 246 1
3 246 1
2 247 1
14 248 1
5 248 1
7 249 1
20 250 1
17 251 1
0 251 1
9 252 1
2 252 1
9 253 1
17 253 1
17 254 1
11 255 1
9 256 1
3 256 1
14 256 1
16 256 1
10 256 1
17 256 1
8 256 1
0 256 1
12 256 1
32 256 1
9 257 1
3 257 1
10 257 1
0 257 1
12 257 1
3 258 1
9 259 1
23 259 1
16 259 1
17 259 1
15 259 1
20 259 1
14 260 1
16 260 1
8 260 1
10 261 1
17 261 1
9 262 1
23 262 1
3 262 1
17 262 1
1 263 1
9 264 1
14 265 1
10 265 1
2 265 1
20 265 1
2 266 1
9 267 1
8 268 1
17 269 1
9 270 1
3 270 1
16 270 1
20 271 1
7 271 1
8 272 1
9 273 1
23 273 1
13 273 1
3 273 1
14 273 1
16 273 1
5 273 1
10 273 1
17 273 1
15 273 1
12 273 1
9 274 1
8 275 1
1 276 1
23 277 1
3 277 1
17 277 1
8 277 1
15 277 1
0 277 1
20 277 1
17 278 1
14 279 1
4 279 1
17 279 1
2 279 1
10 280 1
14 281 1
7 282 1
16 283 1
23 284 1
16 284 1
10 284 1
24 284 1
20 284 1
3 285 1
10 285 1
17 285 1
15 285 1
29 286 1
8 286 1
1 286 1
3 287 1
5 288 1
20 289 1
17 290 1
8 291 1
20 291 1
5 292 1
22 293 1
3 293 1
14 293 1
16 293 1
5 293 1
10 293 1
24 293 1
15 293 1
0 293 1
12 293 1
2 293 1
3 294 1
5 294 1
10 294 1
15 294 1
0 294 1
14 295 1
17 295 1
17 296 1
2 296 1
1 296 1
7 296 1
9 297 1
3 297 1
21 297 1
9 298 1
10 299 1
3 300 1
16 300 1
2 301 1
17 302 1
15 303 1
8 304 1
9 305 1
23 305 1
13 305 1
3 305 1
14 305 1
16 305 1
5 305 1
10 305 1
17 305 1
15 305 1
12 305 1
23 306 1
11 306 1
21 306 1
3 307 1
9 308 1
5 308 1
10 308 1
17 308 1
15 308 1
2 308 1
11 308 1
1 308 1
7 308 1
9 309 1
22 309 1
14 309 1
4 309 1
5 309 1
10 309 1
17 309 1
15 309 1
2 309 1
3 310 1
14 310 1
5 310 1
10 311 1
17 312 1
20 312 1
22 313 1
14 313 1
5 313 1
10 313 1
8 313 1
15 313 1
0 313 1
21 313 1
3 314 1
20 314 1
7 314 1
2 315 1
9 316 1
3 316 1
23 317 1
3 317 1
16 317 1
10 317 1
15 317 1
0 317 1
9 318 1
2 319 1
9 320 1
3 320 1
14 320 1
5 320 1
11 320 1
3 321 1
10 322 1
20 323 1
22 324 1
16 324 1
10 325 1
17 325 1
5 326 1
2 327 1
9 328 1
7 328 1
9 329 1
14 329 1
10 329 1
7 329 1
4 330 1
28 330 1
9 331 1
23 331 1
22 331 1
13 331 1
30 331 1
3 331 1
14 331 1
4 331 1
16 331 1
5 331 1
10 331 1
17 331 1
19 331 1
29 331 1
33 331 1
8 331 1
18 331 1
24 331 1
15 331 1
0 331 1
12 331 1
2 331 1
11 331 1
32 331 1
1 331 1
20 331 1
21 331 1
28 331 1
27 331 1
6 331 1
7 331 1
17 332 1
2 333 1
16 334 1
2 335 1
20 335 1
9 336 1
11 337 1
0 338 1
2 338 1
0 339 1
9 340 1
14 340 1
11 340 1
32 340 1
9 341 1
14 342 1
17 342 1
1 343 1
9 344 1
23 344 1
22 344 1
13 344 1
3 344 1
14 344 1
16 344 1
5 344 1
10 344 1
15 344 1
0 344 1
12 344 1
21 344 1
6 344 1
7 344 1
14 345 1
7 345 1
2 346 1
1 346 1
7 346 1
9 347 1
17 347 1
10 348 1
9 349 1
14 349 1
8 349 1
0 349 1
11 349 1
32 349 1
3 350 1
5 350 1
2 350 1
9 351 1
22 351 1
14 351 1
10 351 1
23 352 1
22 352 1
16 352 1
17 352 1
15 352 1
2 352 1
20 353 1
7 353 1
2 354 1
1 354 1
20 354 1
7 354 1
20 355 1
17 356 1
8 356 1
1 356 1
20 356 1
9 357 1
17 357 1
8 357 1
20 357 1
15 358 1
10 359 1
17 359 1
15 359 1
14 360 1
0 360 1
12 360 1
7 360 1
20 361 1
23 362 1
22 362 1
13 362 1
5 362 1
10 362 1
21 362 1
3 363 1
16 363 1
3 364 1
4 364 1
17 364 1
1 364 1
20 364 1
9 365 1
23 365 1
22 365 1
13 365 1
3 365 1
14 365 1
16 365 1
5 365 1
10 365 1
17 365 1
8 365 1
24 365 1
15 365 1
0 365 1
1 365 1
20 365 1
9 366 1
10 366 1
8 366 1
20 366 1
9 367 1
23 367 1
22 367 1
13 367 1
3 367 1
14 367 1
16 367 1
10 367 1
17 367 1
8 367 1
24 367 1
15 367 1
0 367 1
2 367 1
11 367 1
32 367 1
1 367 1
9 368 1
3 368 1
14 368 1
10 368 1
17 368 1
3 369 1
9 370 1
23 370 1
13 370 1
3 370 1
14 370 1
16 370 1
5 370 1
10 370 1
17 370 1
15 370 1
21 370 1
6 370 1
9 371 1
23 371 1
13 371 1
3 371 1
14 371 1
16 371 1
5 371 1
10 371 1
0 371 1
6 371 1
23 372 1
16 372 1
10 372 1
17 372 1
15 372 1
17 373 1
9 374 1
3 374 1
16 374 1
10 374 1
15 374 1
21 375 1
17 376 1
2 377 1
7 378 1
22 379 1
14 379 1
16 379 1
10 379 1
9 380 1
23 380 1
22 380 1
13 380 1
3 380 1
14 380 1
4 380 1
16 380 1
5 380 1
10 380 1
17 380 1
19 380 1
8 380 1
24 380 1
15 380 1
0 380 1
12 380 1
2 380 1
11 380 1
32 380 1
20 380 1
21 380 1
6 380 1
7 380 1
9 381 1
17 381 1
1 381 1
9 382 1
10 382 1
17 382 1
20 382 1
9 383 1
14 383 1
17 383 1
15 383 1
0 383 1
20 383 1
0 384 1
7 384 1
1 385 1
14 386 1
4 387 1
16 388 1
14 389 1
16 389 1
5 389 1
23 390 1
14 390 1
16 390 1
5 390 1
10 390 1
17 390 1
8 390 1
15 390 1
0 390 1
2 390 1
10 391 1
15 391 1
9 392 1
10 392 1
15 392 1
9 393 1
22 393 1
3 393 1
14 393 1
10 393 1
17 393 1
8 393 1
15 393 1
0 393 1
12 393 1
11 393 1
20 394 1
9 395 1
23 395 1
14 395 1
16 395 1
5 395 1
10 395 1
8 395 1
18 395 1
15 395 1
0 395 1
2 395 1
11 395 1
21 395 1
27 395 1
6 395 1
9 396 1
11 396 1
17 397 1
10 398 1
20 398 1
22 399 1
20 400 1
9 401 1
22 401 1
17 401 1
12 401 1
11 401 1
9 402 1
23 402 1
22 402 1
3 402 1
14 402 1
16 402 1
5 402 1
10 402 1
17 402 1
15 402 1
0 402 1
2 402 1
20 403 1
3 404 1
14 404 1
2 405 1
1 405 1
17 406 1
7 406 1
14 407 1
9 408 1
23 408 1
13 408 1
14 408 1
16 408 1
10 408 1
17 408 1
15 408 1
0 408 1
20 408 1
16 409 1
15 409 1
0 409 1
9 410 1
3 410 1
10 410 1
15 410 1
10 411 1
11 411 1
20 411 1
7 411 1
3 412 1
10 412 1
6 412 1
23 413 1
3 413 1
14 413 1
16 413 1
5 413 1
10 413 1
17 413 1
8 413 1
15 413 1
2 414 1
23 415 1
14 415 1
16 415 1
5 415 1
19 415 1
8 415 1
0 415 1
2 415 1
6 415 1
5 416 1
2 417 1
20 417 1
7 417 1
9 418 1
23 418 1
22 418 1
3 418 1
14 418 1
16 418 1
17 418 1
19 418 1
8 418 1
24 418 1
15 418 1
9 419 1
22 419 1
3 419 1
14 419 1
4 419 1
16 419 1
5 419 1
10 419 1
17 419 1
8 419 1
15 419 1
0 419 1
12 419 1
2 419 1
11 419 1
1 419 1
20 419 1
7 419 1
2 420 1
22 421 1
14 421 1
9 422 1
16 422 1
10 422 1
17 422 1
15 422 1
16 423 1
20 423 1
17 424 1
3 425 1
9 426 1
14 426 1
8 426 1
15 426 1
1 427 1
9 428 1
22 428 1
15 428 1
5 429 1
9 430 1
23 430 1
22 430 1
13 430 1
3 430 1
14 430 1
16 430 1
5 430 1
10 430 1
17 430 1
19 430 1
33 430 1
8 430 1
24 430 1
15 430 1
0 430 1
2 430 1
11 430 1
1 430 1
20 430 1
21 430 1
6 430 1
7 430 1
9 431 1
14 431 1
4 431 1
10 431 1
3 432 1
14 432 1
15 432 1
20 433 1
23 434 1
13 434 1
16 434 1
16 435 1
9 436 1
23 436 1
13 436 1
30 436 1
3 436 1
14 436 1
16 436 1
5 436 1
10 436 1
17 436 1
19 436 1
8 436 1
24 436 1
15 436 1
0 436 1
12 436 1
2 436 1
11 436 1
32 436 1
27 436 1
6 436 1
20 437 1
7 437 1
2 438 1
7 438 1
16 439 1
17 439 1
8 439 1
7 439 1
1 440 1
3 441 1
20 442 1
9 443 1
23 443 1
10 443 1
17 443 1
24 443 1
15 443 1
32 443 1
20 443 1
22 444 1
14 444 1
17 444 1
2 444 1
7 445 1
3 446 1
14 446 1
16 446 1
8 446 1
15 446 1
11 446 1
20 446 1
3 447 1
16 447 1
5 447 1
8 447 1
15 447 1
0 447 1
2 447 1
20 447 1
7 447 1
2 448 1
9 449 1
3 449 1
15 449 1
0 449 1
9 450 1
23 450 1
22 450 1
14 450 1
16 450 1
10 450 1
17 450 1
15 450 1
2 450 1
2 451 1
14 452 1
16 452 1
10 452 1
15 452 1
22 453 1
5 453 1
10 453 1
17 453 1
15 453 1
2 453 1
26 453 1
21 453 1
3 454 1
2 455 1
3 456 1
0 456 1
17 457 1
2 457 1
7 457 1
14 458 1
17 459 1
17 460 1
9 461 1
15 461 1
23 462 1
13 462 1
3 462 1
16 462 1
5 462 1
10 462 1
19 462 1
29 462 1
34 462 1
0 462 1
21 462 1
27 462 1
6 462 1
17 463 1
8 463 1
2 463 1
1 463 1
20 463 1
17 464 1
20 464 1
7 464 1
9 465 1
23 465 1
22 465 1
13 465 1
30 465 1
14 465 1
5 465 1
10 465 1
25 465 1
17 465 1
15 465 1
12 465 1
35 465 1
1 465 1
12 466 1
11 466 1
3 467 1
17 467 1
18 467 1
0 467 1
7 468 1
22 469 1
13 469 1
3 469 1
14 469 1
16 469 1
17 469 1
15 469 1
0 469 1
6 469 1
9 470 1
23 470 1
22 470 1
3 470 1
14 470 1
16 470 1
10 470 1
25 470 1
17 470 1
8 470 1
15 470 1
0 470 1
12 470 1
11 470 1
1 470 1
20 470 1
3 471 1
8 472 1
0 472 1
2 472 1
1 472 1
7 472 1
22 473 1
17 473 1
11 473 1
20 473 1
7 473 1
17 474 1
9 475 1
3 476 1
1 477 1
3 478 1
9 479 1
23 479 1
13 479 1
3 479 1
16 479 1
5 479 1
10 479 1
19 479 1
24 479 1
12 479 1
2 479 1
1 479 1
26 479 1
20 479 1
28 479 1
7 479 1
11 480 1
32 480 1
20 480 1
7 480 1
3 481 1
0 481 1
9 482 1
17 483 1
20 483 1
9 484 1
17 484 1
1 484 1
20 484 1
7 484 1
9 485 1
3 485 1
14 485 1
20 485 1
3 486 1
17 487 1
9 488 1
14 488 1
16 488 1
10 488 1
17 488 1
15 488 1
9 489 1
3 489 1
14 489 1
17 489 1
17 490 1
20 490 1
3 491 1
5 491 1
0 491 1
9 492 1
14 492 1
16 492 1
15 492 1
17 493 1
9 494 1
22 494 1
14 494 1
5 494 1
10 494 1
15 494 1
10 495 1
5 496 1
9 497 1
3 497 1
16 497 1
10 497 1
17 497 1
15 497 1
0 497 1
12 497 1
2 497 1
1 497 1
20 497 1
7 497 1
17 498 1
14 499 1
17 499 1
2 499 1
20 499 1
23 500 1
14 500 1
16 500 1
10 500 1
17 500 1
15 500 1
11 500 1
1 500 1
3 501 1
14 501 1
17 501 1
20 502 1
22 503 1
17 503 1
8 504 1
2 504 1
20 504 1
16 505 1
1 506 1
0 507 1
9 508 1
9 509 1
3 509 1
14 509 1
22 510 1
15 511 1
9 512 1
23 512 1
22 512 1
13 512 1
3 512 1
17 512 1
19 512 1
15 512 1
2 512 1
20 512 1
9 513 1
16 513 1
8 513 1
1 513 1
20 513 1
23 514 1
14 514 1
10 514 1
15 514 1
23 515 1
13 515 1
3 515 1
14 515 1
16 515 1
5 515 1
10 515 1
15 515 1
27 515 1
3 516 1
14 516 1
10 516 1
9 517 1
30 517 1
3 517 1
14 517 1
16 517 1
5 517 1
10 517 1
8 517 1
15 517 1
21 517 1
20 518 1
23 519 1
3 519 1
14 519 1
16 519 1
5 519 1
10 519 1
17 519 1
15 519 1
0 519 1
2 519 1
21 519 1
6 519 1
2 520 1
14 521 1
3 522 1
5 522 1
15 522 1
15 523 1
1 523 1
10 524 1
15 524 1
3 525 1
14 525 1
4 525 1
10 525 1
17 525 1
8 525 1
15 525 1
0 525 1
1 525 1
20 525 1
7 525 1
9 526 1
3 526 1
14 526 1
16 526 1
10 526 1
15 526 1
3 527 1
2 528 1
14 529 1
23 530 1
14 530 1
16 530 1
5 530 1
10 530 1
15 530 1
26 530 1
13 531 1
15 531 1
9 532 1
21 532 1
3 533 1
17 534 1
9 535 1
23 535 1
22 535 1
3 535 1
14 535 1
5 535 1
10 535 1
15 535 1
9 536 1
3 536 1
14 536 1
10 536 1
8 536 1
15 536 1
0 536 1
12 536 1
21 536 1
9 537 1
22 537 1
3 537 1
14 537 1
17 537 1
8 537 1
24 537 1
15 537 1
11 537 1
4 538 1
2 538 1
20 538 1
7 538 1
9 539 1
23 539 1
22 539 1
3 539 1
16 539 1
5 539 1
10 539 1
17 539 1
33 539 1
8 539 1
15 539 1
0 539 1
12 539 1
2 539 1
11 539 1
1 539 1
20 539 1
7 539 1
16 540 1
20 540 1
7 540 1
8 541 1
3 542 1
0 542 1
12 542 1
3 543 1
18 543 1
35 543 1
1 543 1
8 544 1
23 545 1
21 545 1
3 546 1
14 547 1
4 547 1
10 547 1
0 547 1
20 547 1
9 548 1
17 548 1
9 549 1
14 549 1
0 549 1
20 549 1
6 549 1
10 550 1
3 551 1
8 552 1
2 552 1
10 553 1
17 553 1
2 553 1
3 554 1
1 555 1
23 556 1
23 557 1
3 557 1
16 557 1
5 557 1
15 557 1
0 557 1
22 558 1
17 559 1
15 559 1
1 560 1
15 561 1
9 562 1
5 562 1
10 562 1
17 562 1
21 562 1
17 563 1
9 564 1
14 564 1
8 564 1
20 564 1
9 565 1
3 565 1
16 565 1
5 565 1
10 565 1
0 565 1
6 565 1
13 566 1
3 566 1
14 566 1
10 566 1
17 566 1
0 566 1
2 566 1
1 566 1
20 566 1
7 566 1
0 567 1
20 567 1
7 567 1
3 568 1
3 569 1
0 569 1
14 570 1
16 570 1
10 570 1
17 570 1
24 570 1
2 571 1
7 571 1
0 572 1
9 573 1
22 573 1
10 573 1
3 574 1
9 575 1
22 575 1
13 575 1
3 575 1
14 575 1
16 575 1
17 575 1
11 575 1
20 575 1
7 575 1
9 576 1
23 576 1
22 576 1
3 576 1
14 576 1
16 576 1
5 576 1
10 576 1
17 576 1
24 576 1
15 576 1
0 576 1
2 576 1
14 577 1
10 577 1
17 577 1
8 577 1
5 578 1
2 578 1
9 579 1
17 579 1
7 580 1
9 581 1
22 581 1
3 581 1
10 581 1
17 581 1
0 581 1
16 582 1
17 582 1
17 583 1
8 583 1
10 584 1
0 584 1
14 585 1
16 585 1
10 585 1
15 585 1
7 585 1
3 586 1
17 586 1
9 587 1
17 587 1
2 588 1
7 588 1
17 589 1
2 590 1
2 591 1
1 591 1
14 592 1
16 592 1
10 592 1
15 592 1
16 593 1
8 593 1
8 594 1
0 595 1
16 596 1
15 596 1
2 596 1
7 596 1
10 597 1
0 597 1
3 598 1
17 599 1
20 599 1
15 600 1
28 601 1
0 602 1
9 603 1
22 603 1
16 603 1
17 603 1
0 603 1
23 604 1
22 604 1
14 604 1
10 604 1
17 604 1
15 604 1
9 605 1
17 605 1
22 606 1
17 606 1
20 606 1
14 607 1
10 607 1
17 607 1
8 607 1
24 607 1
15 607 1
11 607 1
20 607 1
15 608 1
4 609 1
17 610 1
9 611 1
3 611 1
14 611 1
10 611 1
11 611 1
9 612 1
3 612 1
10 612 1
1 613 1
7 613 1
9 614 1
22 614 1
5 614 1
10 614 1
0 614 1
12 614 1
2 614 1
7 614 1
0 615 1
9 616 1
14 616 1
16 616 1
5 616 1
10 616 1
17 616 1
24 616 1
15 616 1
9 617 1
23 617 1
22 617 1
3 617 1
14 617 1
16 617 1
5 617 1
10 617 1
17 617 1
15 617 1
1 617 1
26 617 1
20 617 1
7 617 1
3 618 1
3 619 1
14 619 1
16 619 1
15 619 1
0 619 1
9 620 1
23 621 1
15 621 1
9 622 1
23 622 1
22 622 1
3 622 1
16 622 1
5 622 1
10 622 1
17 622 1
15 622 1
0 622 1
9 623 1
22 623 1
10 623 1
15 623 1
1 623 1
8 624 1
9 625 1
23 625 1
22 625 1
14 625 1
5 625 1
10 625 1
17 625 1
15 625 1
11 625 1
20 625 1
9 626 1
22 626 1
3 626 1
14 626 1
16 626 1
5 626 1
10 626 1
17 626 1
24 626 1
15 626 1
0 626 1
11 626 1
20 626 1
21 626 1
16 627 1
17 627 1
15 627 1
2 627 1
20 627 1
7 627 1
9 628 1
23 628 1
22 628 1
13 628 1
3 628 1
14 628 1
16 628 1
10 628 1
17 628 1
29 628 1
33 628 1
24 628 1
15 628 1
0 628 1
12 628 1
2 628 1
11 628 1
32 628 1
26 628 1
20 628 1
14 629 1
17 630 1
15 630 1
20 630 1
2 631 1
22 632 1
3 632 1
10 632 1
15 632 1
9 633 1
22 633 1
10 633 1
0 633 1
3 634 1
17 635 1
15 635 1
11 635 1
32 635 1
26 635 1
17 636 1
9 637 1
3 637 1
5 637 1
10 637 1
17 637 1
16 638 1
17 638 1
0 638 1
17 639 1
9 640 1
22 640 1
14 640 1
17 640 1
12 641 1
20 641 1
9 642 1
23 642 1
22 642 1
13 642 1
3 642 1
14 642 1
16 642 1
5 642 1
10 642 1
17 642 1
19 642 1
8 642 1
24 642 1
15 642 1
2 642 1
6 642 1
9 643 1
22 643 1
14 643 1
10 643 1
17 643 1
8 643 1
15 643 1
2 643 1
11 643 1
1 643 1
20 643 1
7 643 1
3 644 1
10 645 1
17 645 1
8 645 1
15 645 1
17 646 1
1 647 1
8 648 1
20 648 1
17 649 1
2 649 1
26 649 1
9 650 1
3 650 1
10 650 1
11 650 1
17 651 1
17 652 1
3 653 1
14 653 1
17 653 1
4 654 1
3 655 1
14 655 1
9 656 1
3 656 1
9 657 1
14 657 1
11 657 1
2 658 1
1 658 1
20 658 1
9 659 1
23 659 1
22 659 1
13 659 1
3 659 1
14 659 1
16 659 1
10 659 1
19 659 1
15 659 1
0 659 1
3 660 1
17 660 1
10 661 1
9 662 1
13 662 1
3 662 1
14 662 1
16 662 1
10 662 1
17 662 1
15 662 1
0 662 1
11 662 1
2 663 1
1 664 1
15 665 1
5 666 1
2 666 1
20 666 1
3 667 1
17 668 1
23 669 1
22 669 1
10 669 1
23 670 1
22 670 1
3 670 1
14 670 1
16 670 1
5 670 1
10 670 1
24 670 1
15 670 1
0 670 1
20 670 1
17 671 1
15 671 1
17 672 1
2 672 1
26 672 1
7 672 1
10 673 1
15 674 1
2 674 1
3 675 1
17 676 1
9 677 1
16 677 1
10 677 1
9 678 1
7 679 1
22 680 1
14 680 1
17 680 1
33 681 1
16 682 1
5 683 1
0 683 1
3 684 1
10 684 1
17 685 1
10 686 1
9 687 1
3 687 1
16 687 1
5 687 1
10 687 1
17 687 1
15 687 1
0 687 1
21 687 1
9 688 1
3 689 1
2 690 1
20 690 1
0 691 1
23 692 1
16 692 1
5 692 1
10 692 1
17 692 1
24 692 1
15 692 1
0 692 1
2 692 1
21 692 1
7 692 1
9 693 1
23 693 1
22 693 1
3 693 1
14 693 1
16 693 1
5 693 1
10 693 1
17 693 1
24 693 1
15 693 1
0 693 1
12 693 1
2 693 1
11 693 1
20 693 1
7 693 1
3 694 1
4 695 1
2 695 1
20 695 1
3 696 1
0 696 1
1 697 1
5 698 1
9 699 1
23 699 1
22 699 1
3 699 1
14 699 1
16 699 1
5 699 1
17 699 1
15 699 1
0 699 1
12 699 1
22 700 1
3 700 1
14 700 1
16 700 1
5 700 1
10 700 1
17 700 1
15 700 1
0 700 1
2 700 1
21 700 1
7 700 1
9 701 1
22 701 1
3 701 1
14 701 1
16 701 1
5 701 1
10 701 1
17 701 1
15 701 1
0 701 1
2 701 1
20 701 1
9 702 1
22 702 1
8 702 1
15 702 1
10 703 1
3 704 1
14 705 1
9 706 1
23 706 1
22 706 1
3 706 1
14 706 1
16 706 1
5 706 1
10 706 1
17 706 1
24 706 1
15 706 1
0 706 1
12 706 1
2 706 1
11 706 1
32 706 1
27 706 1
6 706 1
7 706 1
3 707 1
9 708 1
22 708 1
3 708 1
14 708 1
16 708 1
5 708 1
17 708 1
8 708 1
0 708 1
12 708 1
6 708 1
0 709 1
15 710 1
9 711 1
22 711 1
14 711 1
10 711 1
17 711 1
18 711 1
24 711 1
15 711 1
11 711 1
1 711 1
20 711 1
7 711 1
9 712 1
23 712 1
13 712 1
14 712 1
16 712 1
5 712 1
10 712 1
17 712 1
8 712 1
0 712 1
21 712 1
22 713 1
2 714 1
1 714 1
14 715 1
4 715 1
2 715 1
3 716 1
5 716 1
10 716 1
0 716 1
23 717 1
22 717 1
3 717 1
16 717 1
10 717 1
17 717 1
15 717 1
0 717 1
20 717 1
7 717 1
3 718 1
9 719 1
22 719 1
14 719 1
10 719 1
17 719 1
15 719 1
2 719 1
11 719 1
9 720 1
2 721 1
14 722 1
17 723 1
17 724 1
2 725 1
9 726 1
22 726 1
10 726 1
2 727 1
20 727 1
1 728 1
9 729 1
14 729 1
10 729 1
18 729 1
9 730 1
23 730 1
5 730 1
17 730 1
0 730 1
12 730 1
20 730 1
3 731 1
16 731 1
5 731 1
10 731 1
17 731 1
15 731 1
0 731 1
21 731 1
9 732 1
14 732 1
16 732 1
10 732 1
17 732 1
2 732 1
1 732 1
20 732 1
7 732 1
9 733 1
23 733 1
3 733 1
14 733 1
10 733 1
18 733 1
15 733 1
3 734 1
2 734 1
14 735 1
17 735 1
9 736 1
14 736 1
24 736 1
15 736 1
12 736 1
8 737 1
14 738 1
10 738 1
15 738 1
20 738 1
3 739 1
3 740 1
14 740 1
0 740 1
14 741 1
9 742 1
23 742 1
22 742 1
13 742 1
3 742 1
14 742 1
16 742 1
5 742 1
10 742 1
17 742 1
8 742 1
24 742 1
0 742 1
12 742 1
2 742 1
21 742 1
6 742 1
5 743 1
10 743 1
14 744 1
17 744 1
8 744 1
20 744 1
7 744 1
4 745 1
7 745 1
9 746 1
22 746 1
13 746 1
30 746 1
10 746 1
6 746 1
8 747 1
12 747 1
23 748 1
14 748 1
16 748 1
10 748 1
19 748 1
24 748 1
15 748 1
27 748 1
14 749 1
17 749 1
15 749 1
9 750 1
3 750 1
5 750 1
12 750 1
3 751 1
7 751 1
9 752 1
23 752 1
22 752 1
13 752 1
30 752 1
14 752 1
16 752 1
5 752 1
10 752 1
15 752 1
0 752 1
12 752 1
11 752 1
32 752 1
21 752 1
3 753 1
14 753 1
16 753 1
5 753 1
0 753 1
9 754 1
23 754 1
13 754 1
3 754 1
14 754 1
16 754 1
5 754 1
10 754 1
17 754 1
8 754 1
24 754 1
15 754 1
0 754 1
2 754 1
21 754 1
3 755 1
16 755 1
5 755 1
10 755 1
8 755 1
15 755 1
0 755 1
23 756 1
14 757 1
10 758 1
16 759 1
4 760 1
2 760 1
7 760 1
3 761 1
17 761 1
9 762 1
22 762 1
14 762 1
10 762 1
3 763 1
1 764 1
20 764 1
28 764 1
9 765 1
23 765 1
22 765 1
8 765 1
15 765 1
0 765 1
17 766 1
9 767 1
14 767 1
5 767 1
10 767 1
24 767 1
15 767 1
0 767 1
12 767 1
3 768 1
10 768 1
17 768 1
8 768 1
24 768 1
0 768 1
1 768 1
6 768 1
7 768 1
9 769 1
23 769 1
22 769 1
16 769 1
8 769 1
24 769 1
15 769 1
0 769 1
14 770 1
16 770 1
10 770 1
8 770 1
15 770 1
2 770 1
17 771 1
7 772 1
17 773 1
11 773 1
8 774 1
9 775 1
23 775 1
5 775 1
10 775 1
17 775 1
15 775 1
0 775 1
9 776 1
22 776 1
3 776 1
14 776 1
5 776 1
10 776 1
17 776 1
8 776 1
24 776 1
15 776 1
0 776 1
12 776 1
2 776 1
6 776 1
7 776 1
5 777 1
15 777 1
0 777 1
3 778 1
17 779 1
7 779 1
17 780 1
8 780 1
2 780 1
17 781 1
7 782 1
9 783 1
23 783 1
22 783 1
16 783 1
8 783 1
24 783 1
15 783 1
17 784 1
3 785 1
1 786 1
7 786 1
15 787 1
2 788 1
9 789 1
23 789 1
13 789 1
3 789 1
14 789 1
16 789 1
5 789 1
10 789 1
19 789 1
33 789 1
15 789 1
0 789 1
12 789 1
21 789 1
6 789 1
9 790 1
14 790 1
24 790 1
20 790 1
3 791 1
17 792 1
22 793 1
3 793 1
16 793 1
5 793 1
10 793 1
17 793 1
15 793 1
3 794 1
3 795 1
3 796 1
3 797 1
10 798 1
8 799 1
15 799 1
9 800 1
22 800 1
3 800 1
10 800 1
17 801 1
0 801 1
17 802 1
2 802 1
20 803 1
22 804 1
3 804 1
14 804 1
10 804 1
4 805 1
17 806 1
22 807 1
10 808 1
9 809 1
23 809 1
22 809 1
13 809 1
3 809 1
14 809 1
16 809 1
5 809 1
10 809 1
17 809 1
8 809 1
24 809 1
15 809 1
0 809 1
12 809 1
11 809 1
20 809 1
21 809 1
9 810 1
23 810 1
22 810 1
3 810 1
14 810 1
10 810 1
17 810 1
4 811 1
16 811 1
23 812 1
10 812 1
17 812 1
8 812 1
0 812 1
17 813 1
1 813 1
9 814 1
21 814 1
3 815 1
16 815 1
10 815 1
0 815 1
6 815 1
17 816 1
20 817 1
9 818 1
22 818 1
14 818 1
16 818 1
17 818 1
8 818 1
15 818 1
3 819 1
2 819 1
9 820 1
23 820 1
14 820 1
16 820 1
5 820 1
24 820 1
15 820 1
0 820 1
3 821 1
9 822 1
22 822 1
14 822 1
16 822 1
10 822 1
17 822 1
0 822 1
23 823 1
14 823 1
16 823 1
15 823 1
0 823 1
21 823 1
15 824 1
20 824 1
9 825 1
23 825 1
22 825 1
13 825 1
3 825 1
14 825 1
16 825 1
10 825 1
15 825 1
0 825 1
11 825 1
1 825 1
20 825 1
16 826 1
10 826 1
17 827 1
2 828 1
20 828 1
2 829 1
3 830 1
9 831 1
22 831 1
3 831 1
16 831 1
10 831 1
2 831 1
6 831 1
17 832 1
8 832 1
8 833 1
2 834 1
17 835 1
8 835 1
20 835 1
10 836 1
17 836 1
2 837 1
9 838 1
22 838 1
13 838 1
3 838 1
14 838 1
16 838 1
10 838 1
17 838 1
8 838 1
15 838 1
11 838 1
9 839 1
23 839 1
3 839 1
14 839 1
16 839 1
5 839 1
10 839 1
17 839 1
8 839 1
24 839 1
15 839 1
0 839 1
6 839 1
2 840 1
1 841 1
7 841 1
16 842 1
0 843 1
0 844 1
3 845 1
20 846 1
20 847 1
0 848 1
16 849 1
10 849 1
0 849 1
6 849 1
3 850 1
14 851 1
5 851 1
0 852 1
9 853 1
23 853 1
3 853 1
16 853 1
5 853 1
10 853 1
33 853 1
0 853 1
16 854 1
15 854 1
3 855 1
10 855 1
8 855 1
0 855 1
2 855 1
3 856 1
17 856 1
18 857 1
20 858 1
17 859 1
22 860 1
8 860 1
15 860 1
6 860 1
16 861 1
5 862 1
27 863 1
20 864 1
9 865 1
23 865 1
3 865 1
14 865 1
16 865 1
15 865 1
0 865 1
11 865 1
17 866 1
2 866 1
20 866 1
17 867 1
16 868 1
5 868 1
17 869 1
22 870 1
16 870 1
15 870 1
1 871 1
20 871 1
5 872 1
10 872 1
15 872 1
14 873 1
4 874 1
17 874 1
7 874 1
9 875 1
23 875 1
16 875 1
10 875 1
8 875 1
15 875 1
0 875 1
8 876 1
1 876 1
17 877 1
14 878 1
2 878 1
20 878 1
7 878 1
20 879 1
2 880 1
20 880 1
28 880 1
3 881 1
20 881 1
17 882 1
8 882 1
0 882 1
9 883 1
22 883 1
3 883 1
5 883 1
10 883 1
17 883 1
15 883 1
0 883 1
12 883 1
11 883 1
1 883 1
20 883 1
7 883 1
3 884 1
17 885 1
20 885 1
9 886 1
14 886 1
9 887 1
23 887 1
3 887 1
16 887 1
10 887 1
15 887 1
0 887 1
27 887 1
3 888 1
3 889 1
9 890 1
3 891 1
16 891 1
0 891 1
17 892 1
9 893 1
2 893 1
3 894 1
2 894 1
9 895 1
3 895 1
10 895 1
8 895 1
15 895 1
0 895 1
20 896 1
9 897 1
22 897 1
3 897 1
14 897 1
5 897 1
10 897 1
17 897 1
8 897 1
15 897 1
0 897 1
9 898 1
16 898 1
17 898 1
20 898 1
22 899 1
13 899 1
30 899 1
3 899 1
14 899 1
16 899 1
5 899 1
10 899 1
17 899 1
8 899 1
15 899 1
0 899 1
2 899 1
11 899 1
21 899 1
7 899 1
3 900 1
14 900 1
16 900 1
10 900 1
0 900 1
3 901 1
14 902 1
17 902 1
8 902 1
2 902 1
20 902 1
22 903 1
3 903 1
14 903 1
16 903 1
10 903 1
8 903 1
6 903 1
17 904 1
7 904 1
16 905 1
9 906 1
3 906 1
14 906 1
16 906 1
5 906 1
10 906 1
17 906 1
8 906 1
15 906 1
0 906 1
2 906 1
1 906 1
20 906 1
6 906 1
7 906 1
1 907 1
7 907 1
9 908 1
23 908 1
22 908 1
3 908 1
14 908 1
16 908 1
5 908 1
10 908 1
17 908 1
15 908 1
0 908 1
12 908 1
21 908 1
6 908 1
3 909 1
16 909 1
12 909 1
6 909 1
3 910 1
14 910 1
16 910 1
5 910 1
17 910 1
8 910 1
15 910 1
0 910 1
2 910 1
1 910 1
21 910 1
7 910 1
3 911 1
17 911 1
8 911 1
21 912 1
4 913 1
2 914 1
10 915 1
17 915 1
3 916 1
17 917 1
30 918 1
3 919 1
20 919 1
3 920 1
10 920 1
17 920 1
23 921 1
3 921 1
14 921 1
5 921 1
10 921 1
17 921 1
8 921 1
15 921 1
12 921 1
1 921 1
7 921 1
17 922 1
15 922 1
9 923 1
22 923 1
14 923 1
17 924 1
14 925 1
8 926 1
7 926 1
17 927 1
0 927 1
12 927 1
20 927 1
10 928 1
20 929 1
9 930 1
17 930 1
16 931 1
17 931 1
8 931 1
15 931 1
1 931 1
20 931 1
14 932 1
20 932 1
2 933 1
3 934 1
16 934 1
10 934 1
0 934 1
20 934 1
9 935 1
23 935 1
22 935 1
13 935 1
3 935 1
14 935 1
16 935 1
10 935 1
17 935 1
8 935 1
24 935 1
0 935 1
2 935 1
11 935 1
20 935 1
28 935 1
7 935 1
2 936 1
1 936 1
20 936 1
7 936 1
8 937 1
20 937 1
2 938 1
1 938 1
7 938 1
20 939 1
17 940 1
8 941 1
0 941 1
12 941 1
3 942 1
10 942 1
17 942 1
7 943 1
23 944 1
0 944 1
2 944 1
16 945 1
0 945 1
9 946 1
23 946 1
10 946 1
17 946 1
8 946 1
24 946 1
11 946 1
9 947 1
14 947 1
2 947 1
17 948 1
0 948 1
20 949 1
9 950 1
23 950 1
3 950 1
16 950 1
10 950 1
8 950 1
15 950 1
9 951 1
23 951 1
22 951 1
13 951 1
3 951 1
14 951 1
16 951 1
5 951 1
10 951 1
8 951 1
15 951 1
0 951 1
12 951 1
2 951 1
11 951 1
21 951 1
27 951 1
6 951 1
7 951 1
5 952 1
2 952 1
1 952 1
16 953 1
8 953 1
2 954 1
9 955 1
3 956 1
5 956 1
8 956 1
0 956 1
21 956 1
22 957 1
10 957 1
0 957 1
1 958 1
22 959 1
10 959 1
17 960 1
8 960 1
2 960 1
1 960 1
20 960 1
7 960 1
17 961 1
8 961 1
24 961 1
20 961 1
9 962 1
23 962 1
22 962 1
13 962 1
3 962 1
14 962 1
16 962 1
5 962 1
10 962 1
17 962 1
8 962 1
18 962 1
15 962 1
0 962 1
12 962 1
2 962 1
11 962 1
32 962 1
21 962 1
27 962 1
6 962 1
17 963 1
3 964 1
9 965 1
23 965 1
3 965 1
14 965 1
15 965 1
0 965 1
29 966 1
8 967 1
27 968 1
13 969 1
3 969 1
2 970 1
9 971 1
22 971 1
3 971 1
2 971 1
23 972 1
15 972 1
0 972 1
17 973 1
2 973 1
20 973 1
9 974 1
23 974 1
22 974 1
3 974 1
14 974 1
16 974 1
5 974 1
10 974 1
17 974 1
24 974 1
15 974 1
0 974 1
9 975 1
23 975 1
14 975 1
10 975 1
17 975 1
15 975 1
9 976 1
22 976 1
3 976 1
14 976 1
4 976 1
5 976 1
10 976 1
17 976 1
0 976 1
2 976 1
20 976 1
6 976 1
7 976 1
23 977 1
16 977 1
17 977 1
8 977 1
15 977 1
0 977 1
9 978 1
14 978 1
17 978 1
2 979 1
1 979 1
9 980 1
22 980 1
3 980 1
10 980 1
17 980 1
15 980 1
9 981 1
22 981 1
3 981 1
17 981 1
15 981 1
2 981 1
20 981 1
10 982 1
17 982 1
20 982 1
16 983 1
17 983 1
22 984 1
10 984 1
3 985 1
10 985 1
8 985 1
15 985 1
0 985 1
12 985 1
14 986 1
17 986 1
8 986 1
0 986 1
2 986 1
20 986 1
10 987 1
17 987 1
15 987 1
0 987 1
3 988 1
0 988 1
1 988 1
14 989 1
6 989 1
23 990 1
3 990 1
14 990 1
16 990 1
17 990 1
17 991 1
3 992 1
8 992 1
0 992 1
14 993 1
16 993 1
10 993 1
15 993 1
0 993 1
2 994 1
23 995 1
14 995 1
10 995 1
11 995 1
9 996 1
23 996 1
22 996 1
14 996 1
16 996 1
5 996 1
10 996 1
17 996 1
8 996 1
24 996 1
15 996 1
2 996 1
11 996 1
32 996 1
1 996 1
20 996 1
3 997 1
6 998 1
9 999 1
23 999 1
17 999 1
9 1000 1
23 1000 1
3 1000 1
14 1000 1
16 1000 1
5 1000 1
10 1000 1
29 1000 1
15 1000 1
0 1000 1
11 1000 1
9 1001 1
22 1001 1
17 1001 1
5 1002 1
17 1002 1
2 1002 1
3 1003 1
7 1004 1
17 1005 1
2 1006 1
8 1007 1
2 1007 1
9 1008 1
22 1008 1
14 1008 1
17 1008 1
17 1009 1
7 1009 1
16 1010 1
9 1011 1
16 1011 1
17 1011 1
0 1011 1
4 1012 1
17 1012 1
2 1012 1
1 1012 1
20 1012 1
7 1012 1
23 1013 1
22 1013 1
14 1013 1
5 1013 1
10 1013 1
17 1013 1
15 1013 1
2 1013 1
20 1013 1
9 1014 1
14 1014 1
4 1014 1
17 1014 1
9 1015 1
22 1015 1
3 1015 1
14 1015 1
10 1015 1
17 1015 1
15 1015 1
0 1015 1
16 1016 1
5 1016 1
15 1016 1
12 1016 1
1 1016 1
5 1017 1
17 1017 1
2 1018 1
8 1019 1
0 1019 1
9 1020 1
3 1020 1
14 1020 1
16 1020 1
10 1020 1
17 1020 1
15 1020 1
0 1020 1
21 1020 1
22 1021 1
17 1022 1
20 1022 1
2 1023 1
9 1024 1
23 1024 1
13 1024 1
8 1024 1
15 1024 1
0 1024 1
14 1025 1
16 1025 1
15 1025 1
11 1025 1
9 1026 1
23 1026 1
22 1026 1
30 1026 1
3 1026 1
16 1026 1
10 1026 1
29 1026 1
8 1026 1
24 1026 1
15 1026 1
0 1026 1
12 1026 1
20 1026 1
7 1026 1
17 1027 1
3 1028 1
17 1028 1
2 1028 1
9 1029 1
23 1029 1
22 1029 1
15 1029 1
17 1030 1
16 1031 1
9 1032 1
22 1032 1
10 1032 1
6 1032 1
9 1033 1
22 1034 1
2 1035 1
20 1035 1
23 1036 1
3 1036 1
16 1036 1
10 1036 1
15 1036 1
0 1036 1
9 1037 1
14 1037 1
15 1037 1
22 1038 1
2 1039 1
20 1039 1
7 1039 1
16 1040 1
3 1041 1
9 1042 1
23 1042 1
22 1042 1
13 1042 1
3 1042 1
14 1042 1
16 1042 1
5 1042 1
10 1042 1
17 1042 1
8 1042 1
24 1042 1
15 1042 1
0 1042 1
12 1042 1
2 1042 1
32 1042 1
1 1042 1
20 1042 1
21 1042 1
6 1042 1
7 1042 1
14 1043 1
10 1043 1
9 1044 1
22 1044 1
13 1044 1
30 1044 1
3 1044 1
14 1044 1
16 1044 1
5 1044 1
10 1044 1
17 1044 1
12 1044 1
2 1044 1
11 1044 1
32 1044 1
20 1044 1
6 1044 1
9 1045 1
15 1045 1
4 1046 1
22 1047 1
3 1047 1
14 1047 1
10 1047 1
9 1048 1
17 1048 1
8 1048 1
15 1048 1
2 1048 1
1 1048 1
20 1048 1
7 1048 1
17 1049 1
2 1049 1
20 1049 1
17 1050 1
8 1051 1
10 1052 1
8 1053 1
2 1053 1
3 1054 1
14 1054 1
23 1055 1
16 1055 1
3 1056 1
20 1056 1
2 1057 1
3 1058 1
17 1058 1
0 1058 1
2 1058 1
20 1058 1
23 1059 1
3 1059 1
14 1059 1
16 1059 1
5 1059 1
10 1059 1
15 1059 1
0 1059 1
12 1059 1
2 1059 1
2 1060 1
2 1061 1
7 1061 1
23 1062 1
14 1062 1
16 1062 1
5 1062 1
10 1062 1
24 1062 1
15 1062 1
8 1063 1
4 1064 1
2 1064 1
4 1065 1
8 1065 1
10 1066 1
8 1066 1
0 1066 1
23 1067 1
3 1067 1
16 1067 1
5 1067 1
10 1067 1
0 1067 1
27 1067 1
6 1067 1
9 1068 1
23 1068 1
22 1068 1
3 1068 1
14 1068 1
16 1068 1
5 1068 1
10 1068 1
17 1068 1
19 1068 1
8 1068 1
1 1068 1
6 1068 1
3 1069 1
5 1069 1
8 1069 1
2 1069 1
4 1070 1
22 1071 1
3 1071 1
16 1071 1
15 1071 1
0 1071 1
9 1072 1
14 1072 1
17 1072 1
20 1072 1
9 1073 1
22 1073 1
3 1073 1
14 1073 1
16 1073 1
10 1073 1
17 1073 1
15 1073 1
20 1074 1
20 1075 1
10 1076 1
14 1077 1
4 1077 1
16 1077 1
5 1077 1
10 1077 1
17 1077 1
1 1077 1
9 1078 1
10 1078 1
15 1078 1
9 1079 1
23 1079 1
22 1079 1
13 1079 1
5 1079 1
15 1079 1
23 1080 1
22 1080 1
3 1080 1
14 1080 1
10 1080 1
17 1080 1
8 1080 1
15 1080 1
0 1080 1
12 1080 1
11 1080 1
1 1080 1
20 1080 1
7 1080 1
20 1081 1
17 1082 1
8 1083 1
3 1084 1
3 1085 1
11 1085 1
17 1086 1
3 1087 1
16 1087 1
5 1087 1
17 1087 1
0 1087 1
2 1087 1
7 1087 1
9 1088 1
22 1088 1
14 1088 1
17 1088 1
8 1088 1
0 1088 1
11 1088 1
20 1088 1
21 1088 1
7 1088 1
22 1089 1
2 1089 1
3 1090 1
9 1091 1
3 1091 1
16 1091 1
17 1091 1
0 1091 1
13 1092 1
5 1092 1
10 1092 1
11 1092 1
7 1093 1
9 1094 1
3 1094 1
14 1094 1
10 1094 1
17 1094 1
20 1095 1
17 1096 1
20 1097 1
10 1098 1
2 1098 1
3 1099 1
1 1099 1
7 1099 1
20 1100 1
16 1101 1
8 1102 1
1 1103 1
3 1104 1
16 1104 1
17 1104 1
15 1104 1
12 1104 1
20 1105 1
9 1106 1
23 1106 1
3 1106 1
16 1106 1
10 1106 1
17 1106 1
24 1106 1
15 1106 1
0 1106 1
2 1106 1
7 1107 1
17 1108 1
10 1109 1
9 1110 1
14 1110 1
10 1110 1
4 1111 1
3 1112 1
5 1112 1
20 1113 1
9 1114 1
22 1114 1
13 1114 1
3 1114 1
14 1114 1
16 1114 1
10 1114 1
17 1114 1
19 1114 1
15 1114 1
0 1114 1
2 1114 1
11 1114 1
6 1114 1
15 1115 1
2 1116 1
4 1117 1
1 1117 1
7 1117 1
22 1118 1
5 1118 1
17 1118 1
1 1118 1
26 1118 1
20 1118 1
9 1119 1
2 1120 1
1 1120 1
3 1121 1
5 1121 1
10 1121 1
17 1121 1
8 1121 1
20 1121 1
8 1122 1
20 1123 1
2 1124 1
7 1124 1
28 1125 1
22 1126 1
14 1126 1
16 1126 1
5 1126 1
10 1126 1
17 1126 1
8 1126 1
15 1126 1
0 1126 1
2 1126 1
20 1126 1
6 1126 1
2 1127 1
1 1127 1
31 1128 1
31 1129 1
17 1129 1
8 1130 1
14 1131 1
10 1131 1
21 1131 1
23 1132 1
16 1132 1
17 1132 1
8 1132 1
15 1132 1
2 1132 1
11 1132 1
20 1132 1
17 1133 1
22 1134 1
14 1134 1
8 1134 1
15 1134 1
0 1134 1
1 1134 1
22 1135 1
10 1135 1
27 1135 1
1 1136 1
8 1137 1
20 1137 1
17 1138 1
2 1138 1
2 1139 1
9 1140 1
16 1140 1
15 1140 1
7 1141 1
17 1142 1
16 1143 1
8 1143 1
15 1143 1
9 1144 1
20 1144 1
2 1145 1
26 1146 1
20 1146 1
17 1147 1
9 1148 1
14 1148 1
17 1148 1
8 1148 1
7 1148 1
8 1149 1
20 1149 1
17 1150 1
8 1151 1
20 1151 1
16 1152 1
17 1153 1
2 1153 1
20 1153 1
10 1154 1
8 1154 1
20 1155 1
9 1156 1
22 1156 1
30 1156 1
3 1156 1
14 1156 1
16 1156 1
5 1156 1
10 1156 1
17 1156 1
33 1156 1
8 1156 1
34 1156 1
0 1156 1
12 1156 1
2 1156 1
21 1156 1
27 1156 1
6 1156 1
7 1156 1
14 1157 1
20 1158 1
9 1159 1
14 1159 1
17 1159 1
8 1159 1
15 1159 1
20 1159 1
15 1160 1
17 1161 1
15 1161 1
20 1161 1
3 1162 1
16 1162 1
1 1163 1
9 1164 1
14 1164 1
5 1164 1
17 1164 1
0 1164 1
11 1164 1
13 1165 1
17 1165 1
2 1166 1
9 1167 1
17 1168 1
7 1168 1
3 1169 1
14 1169 1
0 1169 1
8 1170 1
5 1171 1
10 1171 1
17 1171 1
20 1171 1
3 1172 1
7 1172 1
15 1173 1
3 1174 1
14 1174 1
10 1174 1
17 1174 1
15 1174 1
0 1174 1
2 1174 1
20 1174 1
21 1174 1
7 1174 1
24 1175 1
9 1176 1
22 1176 1
3 1176 1
14 1176 1
17 1176 1
15 1176 1
0 1176 1
2 1176 1
3 1177 1
16 1178 1
7 1179 1
23 1180 1
0 1180 1
2 1180 1
3 1181 1
0 1181 1
9 1182 1
16 1182 1
10 1182 1
15 1182 1
5 1183 1
20 1184 1
7 1184 1
10 1185 1
3 1186 1
14 1186 1
17 1186 1
0 1186 1
20 1186 1
12 1187 1
20 1187 1
9 1188 1
22 1188 1
2 1188 1
20 1189 1
22 1190 1
16 1190 1
0 1190 1
9 1191 1
14 1191 1
5 1191 1
17 1191 1
8 1191 1
2 1191 1
11 1191 1
1 1191 1
7 1191 1
20 1192 1
23 1193 1
22 1193 1
3 1193 1
16 1193 1
10 1193 1
15 1193 1
12 1193 1
11 1193 1
17 1194 1
3 1195 1
10 1195 1
23 1196 1
22 1196 1
3 1196 1
14 1196 1
16 1196 1
15 1196 1
0 1196 1
17 1197 1
9 1198 1
14 1198 1
16 1198 1
10 1198 1
17 1198 1
8 1198 1
15 1198 1
0 1198 1
20 1198 1
9 1199 1
12 1199 1
20 1200 1
1 1201 1
20 1201 1
7 1201 1
9 1202 1
22 1202 1
13 1202 1
14 1202 1
16 1202 1
10 1202 1
8 1202 1
24 1202 1
15 1202 1
12 1202 1
11 1202 1
32 1202 1
14 1203 1
8 1204 1
15 1204 1
3 1205 1
0 1205 1
20 1205 1
21 1205 1
20 1206 1
17 1207 1
15 1207 1
2 1207 1
1 1207 1
16 1208 1
8 1208 1
10 1209 1
10 1210 1
9 1211 1
22 1211 1
13 1211 1
10 1211 1
6 1211 1
16 1212 1
10 1212 1
3 1213 1
14 1213 1
16 1213 1
5 1213 1
10 1213 1
17 1213 1
8 1213 1
0 1213 1
2 1213 1
27 1213 1
15 1214 1
17 1215 1
15 1215 1
2 1215 1
20 1215 1
2 1216 1
2 1217 1
20 1217 1
22 1218 1
17 1219 1
9 1220 1
22 1220 1
14 1220 1
17 1220 1
15 1221 1
20 1221 1
22 1222 1
1 1222 1
9 1223 1
22 1223 1
3 1223 1
14 1223 1
16 1223 1
5 1223 1
10 1223 1
8 1223 1
15 1223 1
0 1223 1
7 1223 1
23 1224 1
16 1224 1
10 1224 1
17 1224 1
15 1224 1
20 1224 1
3 1225 1
14 1225 1
10 1225 1
15 1225 1
0 1225 1
2 1225 1
6 1225 1
16 1226 1
15 1226 1
9 1227 1
17 1228 1
20 1228 1
3 1229 1
10 1229 1
15 1229 1
0 1229 1
22 1230 1
3 1230 1
14 1230 1
16 1230 1
5 1230 1
17 1230 1
15 1230 1
2 1231 1
1 1231 1
3 1232 1
17 1233 1
2 1233 1
20 1233 1
7 1233 1
23 1234 1
14 1234 1
16 1234 1
5 1234 1
17 1234 1
15 1234 1
12 1235 1
1 1235 1
14 1236 1
9 1237 1
22 1237 1
30 1237 1
16 1237 1
10 1237 1
17 1237 1
8 1237 1
15 1237 1
2 1237 1
1 1237 1
6 1237 1
7 1237 1
23 1238 1
22 1238 1
16 1238 1
5 1238 1
17 1238 1
8 1238 1
24 1238 1
15 1238 1
12 1238 1
2 1238 1
1 1238 1
7 1238 1
3 1239 1
16 1239 1
0 1239 1
1 1239 1
9 1240 1
23 1241 1
10 1241 1
22 1242 1
17 1242 1
23 1243 1
22 1243 1
3 1243 1
14 1243 1
16 1243 1
5 1243 1
10 1243 1
17 1243 1
0 1243 1
21 1243 1
16 1244 1
16 1245 1
2 1245 1
1 1245 1
20 1245 1
7 1245 1
20 1246 1
8 1247 1
20 1247 1
7 1247 1
1 1248 1
14 1249 1
4 1249 1
2 1249 1
20 1249 1
21 1249 1
7 1249 1
9 1250 1
23 1250 1
22 1250 1
14 1250 1
10 1250 1
15 1250 1
32 1250 1
14 1251 1
17 1251 1
2 1251 1
9 1252 1
23 1252 1
22 1252 1
3 1252 1
14 1252 1
16 1252 1
5 1252 1
10 1252 1
17 1252 1
15 1252 1
0 1252 1
12 1252 1
11 1252 1
21 1252 1
14 1253 1
22 1254 1
10 1255 1
2 1255 1
7 1255 1
7 1256 1
10 1257 1
20 1258 1
17 1259 1
10 1260 1
15 1261 1
10 1262 1
8 1262 1
20 1262 1
9 1263 1
10 1263 1
8 1264 1
0 1264 1
1 1264 1
7 1264 1
20 1265 1
7 1266 1
17 1267 1
0 1267 1
3 1268 1
5 1268 1
17 1268 1
0 1268 1
9 1269 1
13 1269 1
3 1269 1
14 1269 1
16 1269 1
5 1269 1
10 1269 1
17 1269 1
33 1269 1
8 1269 1
15 1269 1
0 1269 1
12 1269 1
11 1269 1
32 1269 1
20 1269 1
0 1270 1
9 1271 1
17 1271 1
20 1271 1
1 1272 1
9 1273 1
22 1273 1
30 1273 1
3 1273 1
16 1273 1
5 1273 1
10 1273 1
17 1273 1
15 1273 1
2 1273 1
8 1274 1
20 1274 1
8 1275 1
1 1276 1
20 1276 1
9 1277 1
23 1277 1
22 1277 1
13 1277 1
3 1277 1
14 1277 1
16 1277 1
10 1277 1
24 1277 1
15 1277 1
0 1277 1
12 1277 1
11 1277 1
21 1277 1
6 1277 1
20 1278 1
7 1279 1
9 1280 1
17 1280 1
15 1280 1
9 1281 1
4 1281 1
16 1281 1
5 1281 1
10 1281 1
17 1281 1
19 1281 1
8 1281 1
24 1281 1
2 1281 1
1 1281 1
20 1281 1
7 1281 1
17 1282 1
7 1282 1
9 1283 1
22 1283 1
8 1283 1
15 1283 1
7 1283 1
16 1284 1
5 1284 1
15 1284 1
9 1285 1
3 1285 1
14 1285 1
16 1285 1
5 1285 1
10 1285 1
8 1285 1
0 1285 1
21 1285 1
4 1286 1
23 1287 1
10 1288 1
6 1288 1
9 1289 1
23 1289 1
22 1289 1
13 1289 1
30 1289 1
3 1289 1
14 1289 1
16 1289 1
5 1289 1
10 1289 1
17 1289 1
8 1289 1
24 1289 1
15 1289 1
0 1289 1
12 1289 1
2 1289 1
11 1289 1
21 1289 1
27 1289 1
6 1289 1
7 1289 1
1 1290 1
20 1290 1
1 1291 1
9 1292 1
13 1292 1
3 1292 1
14 1292 1
10 1292 1
0 1292 1
1 1292 1
20 1292 1
7 1292 1
14 1293 1
9 1294 1
10 1294 1
17 1294 1
9 1295 1
22 1295 1
14 1295 1
4 1295 1
16 1295 1
5 1295 1
15 1295 1
2 1295 1
9 1296 1
14 1296 1
5 1296 1
10 1296 1
20 1296 1
9 1297 1
20 1297 1
20 1298 1
1 1299 1
8 1300 1
17 1301 1
4 1302 1
17 1302 1
20 1302 1
22 1303 1
14 1303 1
16 1303 1
10 1303 1
17 1303 1
8 1303 1
0 1303 1
12 1303 1
2 1303 1
20 1303 1
21 1303 1
7 1303 1
16 1304 1
8 1304 1
15 1304 1
8 1305 1
20 1306 1
7 1306 1
9 1307 1
23 1307 1
22 1307 1
3 1307 1
14 1307 1
16 1307 1
10 1307 1
17 1307 1
15 1307 1
2 1307 1
20 1307 1
17 1308 1
9 1309 1
10 1309 1
4 1310 1
1 1310 1
16 1311 1
15 1311 1
2 1311 1
20 1311 1
7 1311 1
17 1312 1
20 1312 1
15 1313 1
4 1314 1
7 1314 1
2 1315 1
20 1315 1
3 1316 1
14 1316 1
8 1316 1
12 1316 1
7 1316 1
0 1317 1
9 1318 1
23 1318 1
17 1318 1
2 1319 1
14 1320 1
14 1321 1
16 1321 1
17 1321 1
20 1321 1
20 1322 1
2 1323 1
23 1324 1
22 1324 1
3 1324 1
14 1324 1
16 1324 1
5 1324 1
10 1324 1
15 1324 1
0 1324 1
21 1324 1
6 1324 1
9 1325 1
22 1325 1
3 1325 1
14 1325 1
10 1325 1
17 1325 1
12 1325 1
11 1325 1
20 1325 1
17 1326 1
15 1326 1
1 1327 1
2 1328 1
20 1329 1
23 1330 1
3 1330 1
14 1330 1
16 1330 1
10 1330 1
8 1330 1
24 1330 1
15 1330 1
7 1330 1
17 1331 1
7 1332 1
17 1333 1
2 1333 1
7 1333 1
9 1334 1
22 1334 1
13 1334 1
3 1334 1
14 1334 1
16 1334 1
5 1334 1
10 1334 1
8 1334 1
18 1334 1
15 1334 1
0 1334 1
12 1334 1
2 1334 1
20 1334 1
21 1334 1
27 1334 1
6 1334 1
7 1334 1
9 1335 1
3 1335 1
20 1335 1
17 1336 1
16 1337 1
17 1337 1
16 1338 1
4 1339 1
8 1339 1
2 1339 1
7 1339 1
2 1340 1
9 1341 1
0 1341 1
11 1341 1
9 1342 1
14 1342 1
10 1342 1
17 1342 1
0 1342 1
21 1342 1
2 1343 1
7 1343 1
10 1344 1
9 1345 1
22 1345 1
13 1345 1
30 1345 1
3 1345 1
14 1345 1
5 1345 1
10 1345 1
8 1345 1
24 1345 1
0 1345 1
11 1345 1
32 1345 1
1 1345 1
20 1345 1
7 1345 1
8 1346 1
20 1346 1
4 1347 1
2 1347 1
1 1347 1
20 1347 1
7 1347 1
17 1348 1
0 1349 1
20 1349 1
9 1350 1
23 1350 1
22 1350 1
3 1350 1
14 1350 1
16 1350 1
10 1350 1
17 1350 1
15 1350 1
1 1350 1
7 1350 1
5 1351 1
8 1351 1
0 1351 1
1 1351 1
27 1351 1
7 1351 1
9 1352 1
22 1352 1
17 1352 1
0 1352 1
2 1352 1
26 1352 1
20 1352 1
7 1352 1
9 1353 1
3 1353 1
14 1353 1
8 1353 1
20 1353 1
7 1354 1
23 1355 1
22 1355 1
13 1355 1
14 1355 1
16 1355 1
5 1355 1
10 1355 1
17 1355 1
8 1355 1
24 1355 1
15 1355 1
1 1355 1
20 1355 1
21 1355 1
17 1356 1
10 1357 1
22 1358 1
3 1358 1
16 1358 1
10 1358 1
0 1358 1
9 1359 1
14 1360 1
2 1360 1
20 1361 1
9 1362 1
23 1362 1
22 1362 1
13 1362 1
3 1362 1
14 1362 1
16 1362 1
5 1362 1
10 1362 1
19 1362 1
8 1362 1
15 1362 1
0 1362 1
12 1362 1
2 1362 1
11 1362 1
1 1362 1
20 1362 1
21 1362 1
27 1362 1
6 1362 1
7 1362 1
3 1363 1
10 1363 1
8 1363 1
0 1363 1
1 1363 1
20 1363 1
7 1363 1
17 1364 1
17 1365 1
0 1365 1
22 1366 1
14 1366 1
8 1366 1
12 1366 1
3 1367 1
2 1367 1
1 1368 1
14 1369 1
14 1370 1
4 1370 1
11 1370 1
1 1370 1
20 1370 1
12 1371 1
2 1371 1
7 1371 1
14 1372 1
7 1372 1
9 1373 1
22 1373 1
3 1373 1
14 1373 1
16 1373 1
10 1373 1
19 1373 1
29 1373 1
33 1373 1
0 1373 1
6 1373 1
1 1374 1
20 1374 1
22 1375 1
14 1375 1
10 1375 1
22 1376 1
14 1376 1
10 1376 1
9 1377 1
3 1377 1
14 1377 1
5 1377 1
10 1377 1
0 1377 1
7 1377 1
14 1378 1
17 1378 1
20 1379 1
14 1380 1
0 1380 1
12 1380 1
29 1381 1
20 1382 1
17 1383 1
3 1384 1
14 1384 1
0 1384 1
7 1384 1
10 1385 1
2 1385 1
1 1386 1
17 1387 1
15 1387 1
17 1388 1
20 1388 1
3 1389 1
16 1389 1
5 1389 1
8 1389 1
15 1389 1
0 1389 1
18 1390 1
23 1391 1
16 1391 1
17 1391 1
15 1391 1
1 1391 1
20 1391 1
7 1392 1
20 1393 1
9 1394 1
4 1394 1
10 1394 1
17 1394 1
20 1394 1
4 1395 1
20 1395 1
7 1395 1
14 1396 1
8 1396 1
12 1397 1
9 1398 1
14 1398 1
16 1398 1
10 1398 1
17 1398 1
0 1398 1
1 1399 1
28 1400 1
15 1401 1
20 1401 1
23 1402 1
3 1402 1
14 1402 1
16 1402 1
5 1402 1
10 1402 1
15 1402 1
2 1402 1
14 1403 1
17 1403 1
2 1403 1
20 1403 1
7 1403 1
2 1404 1
20 1405 1
0 1406 1
17 1407 1
20 1407 1
8 1408 1
12 1408 1
2 1408 1
20 1408 1
7 1408 1
7 1409 1
9 1410 1
22 1410 1
13 1410 1
3 1410 1
14 1410 1
16 1410 1
5 1410 1
10 1410 1
17 1410 1
15 1410 1
2 1410 1
1 1410 1
7 1410 1
8 1411 1
23 1412 1
15 1412 1
23 1413 1
14 1413 1
16 1413 1
5 1413 1
10 1413 1
17 1413 1
24 1413 1
15 1413 1
0 1413 1
12 1413 1
9 1414 1
23 1414 1
22 1414 1
13 1414 1
3 1414 1
14 1414 1
16 1414 1
5 1414 1
10 1414 1
17 1414 1
8 1414 1
24 1414 1
15 1414 1
0 1414 1
12 1414 1
11 1414 1
20 1414 1
21 1414 1
27 1414 1
6 1414 1
3 1415 1
10 1415 1
0 1415 1
20 1415 1
10 1416 1
17 1417 1
23 1418 1
15 1418 1
1 1418 1
1 1419 1
10 1420 1
20 1421 1
7 1421 1
17 1422 1
1 1423 1
17 1424 1
20 1424 1
7 1424 1
5 1425 1
17 1426 1
8 1427 1
17 1428 1
7 1428 1
14 1429 1
4 1429 1
12 1429 1
1 1429 1
20 1429 1
21 1429 1
4 1430 1
2 1430 1
7 1430 1
2 1431 1
20 1431 1
8 1432 1
1 1433 1
22 1434 1
3 1434 1
14 1434 1
17 1434 1
8 1434 1
0 1434 1
2 1434 1
20 1434 1
17 1435 1
20 1435 1
3 1436 1
17 1437 1
17 1438 1
20 1438 1
3 1439 1
14 1439 1
8 1439 1
1 1440 1
9 1441 1
23 1441 1
13 1441 1
30 1441 1
3 1441 1
14 1441 1
4 1441 1
16 1441 1
5 1441 1
10 1441 1
17 1441 1
8 1441 1
24 1441 1
15 1441 1
0 1441 1
12 1441 1
2 1441 1
1 1441 1
20 1441 1
21 1441 1
6 1441 1
7 1441 1
17 1442 1
8 1443 1
20 1443 1
2 1444 1
7 1444 1
8 1445 1
20 1445 1
20 1446 1
8 1447 1
1 1448 1
17 1449 1
20 1450 1
14 1451 1
10 1451 1
23 1452 1
3 1452 1
16 1452 1
10 1452 1
0 1452 1
20 1453 1
7 1453 1
1 1454 1
22 1455 1
17 1456 1
20 1457 1
3 1458 1
10 1458 1
1 1459 1
5 1460 1
0 1460 1
1 1460 1
9 1461 1
23 1461 1
22 1461 1
13 1461 1
3 1461 1
14 1461 1
16 1461 1
10 1461 1
17 1461 1
15 1461 1
12 1461 1
11 1461 1
6 1461 1
9 1462 1
3 1462 1
10 1462 1
2 1463 1
4 1464 1
2 1464 1
7 1464 1
18 1465 1
2 1465 1
9 1466 1
0 1466 1
20 1466 1
12 1467 1
2 1467 1
1 1467 1
20 1467 1
7 1467 1
9 1468 1
23 1468 1
22 1468 1
13 1468 1
30 1468 1
3 1468 1
14 1468 1
4 1468 1
16 1468 1
5 1468 1
10 1468 1
17 1468 1
8 1468 1
24 1468 1
15 1468 1
0 1468 1
12 1468 1
2 1468 1
11 1468 1
32 1468 1
1 1468 1
26 1468 1
20 1468 1
21 1468 1
27 1468 1
6 1468 1
7 1468 1
15 1469 1
22 1470 1
9 1471 1
23 1471 1
22 1471 1
16 1471 1
17 1471 1
15 1471 1
11 1471 1
13 1472 1
14 1472 1
16 1472 1
5 1472 1
10 1472 1
29 1472 1
33 1472 1
18 1472 1
24 1472 1
15 1472 1
26 1472 1
21 1472 1
7 1472 1
9 1472 1
23 1472 1
22 1472 1
30 1472 1
3 1472 1
4 1472 1
31 1472 1
25 1472 1
17 1472 1
8 1472 1
0 1472 1
12 1472 1
2 1472 1
35 1472 1
11 1472 1
32 1472 1
1 1472 1
20 1472 1
28 1472 1
27 1472 1
6 1472 1
17 1473 1
14 1474 1
10 1474 1
15 1474 1
9 1474 1
22 1474 1
3 1474 1
17 1474 1
12 1474 1
6 1474 1
5 1475 1
15 1475 1
3 1475 1
0 1475 1
0 1476 1
12 1476 1
1 1477 1
15 1478 1
9 1478 1
0 1478 1
14 1479 1
16 1479 1
10 1479 1
22 1479 1
3 1479 1
10 1480 1
15 1480 1
5 1481 1
9 1481 1
3 1481 1
4 1481 1
0 1481 1
14 1482 1
7 1483 1
5 1484 1
10 1484 1
23 1484 1
3 1484 1
17 1484 1
0 1484 1
16 1485 1
7 1486 1
8 1486 1
20 1486 1
17 1487 1
1 1488 1
3 1489 1
16 1490 1
10 1490 1
15 1490 1
3 1490 1
17 1490 1
0 1491 1
10 1492 1
22 1492 1
20 1492 1
17 1493 1
7 1494 1
3 1494 1
4 1494 1
2 1494 1
14 1495 1
3 1495 1
17 1495 1
2 1495 1
3 1496 1
16 1497 1
10 1497 1
15 1497 1
22 1497 1
17 1497 1
2 1497 1
20 1497 1
14 1498 1
10 1498 1
20 1499 1
10 1500 1
22 1500 1
3 1500 1
17 1500 1
8 1500 1
0 1500 1
0 1501 1
15 1502 1
3 1502 1
20 1503 1
10 1504 1
21 1504 1
8 1504 1
14 1505 1
16 1505 1
10 1505 1
9 1505 1
3 1505 1
20 1505 1
10 1506 1
8 1506 1
14 1507 1
10 1507 1
24 1507 1
26 1507 1
7 1507 1
9 1507 1
3 1507 1
4 1507 1
17 1507 1
12 1507 1
2 1507 1
11 1507 1
1 1507 1
20 1507 1
6 1507 1
14 1508 1
10 1508 1
0 1508 1
20 1509 1
16 1510 1
10 1510 1
15 1510 1
9 1510 1
22 1510 1
3 1510 1
10 1511 1
15 1511 1
9 1511 1
17 1511 1
8 1511 1
0 1511 1
12 1511 1
2 1511 1
1 1511 1
6 1511 1
0 1512 1
20 1512 1
15 1513 1
4 1514 1
17 1514 1
1 1514 1
20 1514 1
8 1515 1
1 1515 1
20 1516 1
14 1517 1
6 1518 1
10 1519 1
9 1519 1
8 1520 1
7 1521 1
3 1521 1
8 1521 1
2 1521 1
1 1522 1
7 1523 1
20 1523 1
1 1524 1
1 1525 1
14 1526 1
10 1526 1
15 1526 1
9 1526 1
23 1526 1
22 1526 1
3 1526 1
4 1526 1
17 1526 1
8 1526 1
0 1526 1
2 1526 1
20 1526 1
5 1527 1
17 1527 1
17 1528 1
11 1528 1
1 1529 1
20 1530 1
16 1531 1
15 1531 1
8 1531 1
0 1531 1
16 1532 1
0 1532 1
17 1533 1
2 1533 1
22 1534 1
1 1534 1
12 1535 1
5 1536 1
15 1536 1
3 1536 1
0 1536 1
12 1536 1
20 1536 1
2 1537 1
16 1538 1
22 1538 1
20 1538 1
7 1539 1
0 1539 1
20 1539 1
14 1540 1
8 1540 1
0 1540 1
7 1541 1
14 1542 1
16 1542 1
5 1542 1
10 1542 1
15 1542 1
9 1542 1
23 1542 1
22 1542 1
3 1542 1
17 1542 1
6 1542 1
2 1543 1
1 1543 1
5 1544 1
3 1544 1
14 1545 1
15 1545 1
14 1546 1
16 1546 1
10 1546 1
21 1546 1
8 1546 1
20 1546 1
14 1547 1
5 1547 1
10 1547 1
21 1547 1
9 1547 1
23 1547 1
22 1547 1
3 1547 1
17 1547 1
2 1547 1
11 1547 1
14 1548 1
5 1548 1
10 1548 1
15 1548 1
9 1548 1
3 1548 1
0 1548 1
6 1548 1
8 1549 1
14 1550 1
10 1550 1
0 1550 1
2 1550 1
20 1550 1
14 1551 1
16 1551 1
5 1551 1
10 1551 1
9 1551 1
22 1551 1
14 1552 1
10 1552 1
22 1552 1
16 1553 1
9 1554 1
8 1555 1
1 1555 1
14 1556 1
16 1556 1
5 1556 1
21 1556 1
7 1556 1
9 1556 1
3 1556 1
17 1556 1
8 1556 1
12 1556 1
1 1556 1
6 1556 1
9 1557 1
13 1558 1
14 1558 1
16 1558 1
5 1558 1
10 1558 1
24 1558 1
15 1558 1
21 1558 1
9 1558 1
23 1558 1
22 1558 1
30 1558 1
3 1558 1
17 1558 1
8 1558 1
0 1558 1
12 1558 1
11 1558 1
32 1558 1
20 1558 1
27 1558 1
6 1558 1
16 1559 1
24 1559 1
17 1559 1
20 1559 1
17 1560 1
8 1560 1
26 1561 1
4 1561 1
2 1561 1
11 1561 1
15 1562 1
2 1562 1
13 1563 1
14 1563 1
9 1563 1
3 1563 1
17 1563 1
2 1563 1
11 1563 1
32 1563 1
17 1564 1
20 1564 1
4 1565 1
17 1566 1
1 1567 1
14 1568 1
5 1568 1
2 1568 1
20 1569 1
17 1570 1
17 1571 1
6 1571 1
14 1572 1
15 1572 1
9 1572 1
22 1572 1
3 1572 1
0 1572 1
20 1572 1
17 1573 1
20 1573 1
24 1574 1
15 1574 1
23 1574 1
0 1574 1
2 1574 1
1 1574 1
20 1574 1
5 1575 1
5 1576 1
3 1576 1
20 1576 1
3 1577 1
14 1578 1
16 1578 1
5 1578 1
15 1578 1
3 1578 1
8 1578 1
0 1578 1
1 1578 1
20 1578 1
16 1579 1
23 1579 1
14 1580 1
17 1581 1
20 1581 1
10 1582 1
17 1583 1
8 1583 1
0 1583 1
12 1583 1
20 1583 1
1 1584 1
16 1585 1
10 1585 1
9 1585 1
22 1585 1
3 1585 1
17 1585 1
8 1585 1
0 1585 1
12 1585 1
20 1585 1
10 1586 1
15 1586 1
9 1586 1
22 1586 1
3 1586 1
17 1586 1
0 1586 1
20 1586 1
13 1587 1
14 1587 1
16 1587 1
5 1587 1
10 1587 1
24 1587 1
15 1587 1
7 1587 1
9 1587 1
23 1587 1
22 1587 1
3 1587 1
17 1587 1
8 1587 1
0 1587 1
12 1587 1
2 1587 1
20 1587 1
6 1587 1
0 1588 1
10 1589 1
14 1590 1
15 1590 1
3 1591 1
17 1592 1
16 1593 1
5 1593 1
10 1593 1
14 1594 1
10 1594 1
9 1594 1
17 1594 1
7 1595 1
16 1596 1
15 1596 1
0 1596 1
16 1597 1
22 1597 1
17 1597 1
8 1597 1
0 1598 1
17 1599 1
0 1600 1
16 1601 1
17 1602 1
14 1603 1
10 1603 1
15 1603 1
17 1603 1
8 1603 1
20 1603 1
22 1604 1
14 1605 1
10 1605 1
19 1605 1
9 1605 1
17 1605 1
0 1605 1
2 1605 1
20 1606 1
13 1607 1
14 1607 1
16 1607 1
5 1607 1
10 1607 1
15 1607 1
21 1607 1
9 1607 1
23 1607 1
22 1607 1
3 1607 1
8 1607 1
0 1607 1
12 1607 1
11 1607 1
6 1607 1
5 1608 1
14 1609 1
16 1609 1
15 1609 1
9 1609 1
23 1609 1
3 1609 1
2 1610 1
20 1610 1
15 1611 1
9 1611 1
23 1611 1
1 1611 1
16 1612 1
10 1612 1
9 1612 1
17 1613 1
24 1614 1
14 1615 1
15 1615 1
26 1615 1
9 1615 1
17 1615 1
14 1616 1
1 1617 1
2 1618 1
7 1619 1
2 1619 1
14 1620 1
2 1620 1
20 1620 1
14 1621 1
13 1622 1
14 1622 1
5 1622 1
3 1622 1
8 1622 1
0 1622 1
9 1623 1
8 1624 1
26 1625 1
7 1626 1
3 1626 1
0 1626 1
2 1626 1
1 1626 1
8 1627 1
13 1628 1
14 1628 1
5 1628 1
10 1628 1
15 1628 1
26 1628 1
7 1628 1
9 1628 1
22 1628 1
3 1628 1
25 1628 1
17 1628 1
8 1628 1
0 1628 1
2 1628 1
1 1628 1
20 1628 1
14 1629 1
16 1629 1
15 1629 1
7 1629 1
9 1629 1
23 1629 1
3 1629 1
17 1629 1
0 1629 1
2 1629 1
16 1630 1
3 1630 1
8 1630 1
0 1630 1
9 1631 1
0 1631 1
20 1631 1
23 1632 1
17 1632 1
16 1633 1
10 1633 1
9 1633 1
20 1634 1
8 1635 1
10 1636 1
24 1636 1
14 1637 1
15 1638 1
7 1638 1
12 1638 1
17 1639 1
7 1640 1
17 1640 1
20 1640 1
14 1641 1
22 1641 1
2 1642 1
20 1642 1
14 1643 1
16 1643 1
22 1644 1
10 1645 1
9 1645 1
1 1645 1
15 1646 1
10 1647 1
16 1648 1
3 1649 1
17 1649 1
0 1649 1
9 1650 1
17 1650 1
11 1650 1
8 1651 1
20 1652 1
1 1653 1
20 1653 1
10 1654 1
15 1654 1
2 1654 1
20 1654 1
8 1655 1
14 1656 1
9 1656 1
0 1656 1
2 1656 1
20 1656 1
13 1657 1
14 1657 1
16 1657 1
5 1657 1
10 1657 1
9 1657 1
22 1657 1
3 1657 1
17 1657 1
8 1657 1
0 1657 1
12 1657 1
2 1657 1
6 1657 1
17 1658 1
5 1659 1
18 1659 1
15 1659 1
9 1659 1
17 1659 1
8 1659 1
0 1659 1
14 1660 1
16 1661 1
15 1661 1
8 1661 1
19 1662 1
0 1662 1
8 1663 1
0 1663 1
16 1664 1
9 1664 1
4 1664 1
2 1664 1
20 1664 1
8 1665 1
16 1666 1
10 1666 1
3 1666 1
1 1667 1
20 1668 1
10 1669 1
7 1669 1
17 1669 1
28 1669 1
5 1670 1
3 1670 1
0 1670 1
20 1670 1
26 1671 1
7 1671 1
9 1671 1
17 1671 1
1 1671 1
20 1671 1
14 1672 1
22 1672 1
3 1672 1
0 1672 1
16 1673 1
15 1673 1
9 1673 1
3 1673 1
17 1673 1
8 1673 1
0 1673 1
11 1673 1
20 1673 1
22 1674 1
8 1675 1
10 1676 1
0 1677 1
2 1677 1
20 1677 1
0 1678 1
1 1679 1
20 1679 1
17 1680 1
20 1680 1
17 1681 1
17 1682 1
14 1683 1
9 1683 1
14 1684 1
22 1684 1
3 1684 1
2 1684 1
4 1685 1
8 1685 1
14 1686 1
5 1686 1
10 1686 1
15 1686 1
7 1686 1
3 1686 1
17 1686 1
8 1686 1
0 1686 1
12 1686 1
2 1686 1
20 1686 1
6 1686 1
20 1687 1
10 1688 1
15 1688 1
9 1688 1
22 1688 1
20 1689 1
16 1690 1
2 1690 1
15 1691 1
9 1691 1
5 1692 1
10 1692 1
7 1692 1
9 1692 1
4 1692 1
0 1692 1
2 1692 1
11 1692 1
12 1693 1
7 1694 1
1 1694 1
20 1695 1
26 1696 1
9 1696 1
17 1696 1
14 1697 1
0 1697 1
9 1698 1
20 1699 1
20 1700 1
7 1701 1
17 1701 1
10 1702 1
15 1702 1
20 1702 1
17 1703 1
11 1703 1
14 1704 1
10 1704 1
15 1704 1
9 1704 1
17 1704 1
12 1704 1
14 1705 1
5 1705 1
10 1705 1
15 1705 1
22 1705 1
3 1705 1
0 1705 1
12 1705 1
12 1706 1
14 1707 1
16 1707 1
10 1707 1
15 1707 1
9 1707 1
23 1707 1
22 1707 1
3 1707 1
17 1707 1
0 1707 1
11 1707 1
15 1708 1
17 1709 1
10 1710 1
15 1710 1
22 1710 1
17 1710 1
3 1711 1
17 1711 1
14 1712 1
9 1712 1
10 1713 1
0 1713 1
10 1714 1
14 1715 1
16 1715 1
5 1715 1
24 1715 1
15 1715 1
9 1715 1
22 1715 1
3 1715 1
0 1715 1
2 1715 1
20 1715 1
6 1715 1
22 1716 1
2 1716 1
17 1717 1
16 1718 1
10 1718 1
15 1718 1
21 1718 1
9 1718 1
23 1718 1
22 1718 1
3 1718 1
0 1718 1
12 1719 1
16 1720 1
10 1720 1
15 1720 1
9 1720 1
3 1720 1
8 1720 1
17 1721 1
20 1721 1
3 1722 1
0 1722 1
5 1723 1
16 1724 1
7 1724 1
3 1724 1
2 1724 1
1 1724 1
3 1725 1
0 1725 1
17 1726 1
0 1726 1
14 1727 1
10 1727 1
15 1727 1
9 1727 1
3 1727 1
24 1728 1
15 1728 1
9 1728 1
22 1728 1
8 1728 1
1 1728 1
17 1729 1
2 1730 1
14 1731 1
15 1731 1
9 1731 1
0 1732 1
14 1733 1
16 1733 1
9 1733 1
22 1733 1
3 1733 1
2 1733 1
13 1734 1
14 1734 1
16 1734 1
5 1734 1
10 1734 1
19 1734 1
15 1734 1
21 1734 1
9 1734 1
22 1734 1
3 1734 1
8 1734 1
0 1734 1
6 1734 1
14 1735 1
16 1735 1
5 1735 1
10 1735 1
15 1735 1
21 1735 1
9 1735 1
3 1735 1
0 1735 1
2 1735 1
16 1736 1
23 1736 1
17 1736 1
14 1737 1
5 1737 1
10 1737 1
15 1737 1
23 1737 1
22 1737 1
3 1737 1
8 1737 1
0 1737 1
1 1737 1
20 1737 1
6 1737 1
16 1738 1
10 1738 1
15 1738 1
9 1738 1
23 1738 1
3 1738 1
17 1738 1
8 1738 1
1 1738 1
14 1739 1
16 1739 1
10 1739 1
15 1739 1
22 1739 1
3 1739 1
17 1739 1
0 1739 1
7 1740 1
2 1740 1
17 1741 1
14 1742 1
8 1742 1
20 1742 1
15 1743 1
22 1743 1
0 1743 1
12 1743 1
0 1744 1
1 1744 1
20 1744 1
17 1745 1
0 1745 1
15 1746 1
21 1746 1
22 1746 1
17 1746 1
8 1746 1
20 1746 1
15 1747 1
9 1747 1
10 1748 1
22 1748 1
21 1749 1
17 1750 1
13 1751 1
14 1751 1
16 1751 1
5 1751 1
10 1751 1
24 1751 1
21 1751 1
9 1751 1
23 1751 1
3 1751 1
17 1751 1
8 1751 1
0 1751 1
12 1751 1
6 1751 1
16 1752 1
10 1752 1
3 1752 1
31 1752 1
17 1752 1
0 1752 1
20 1752 1
7 1753 1
17 1753 1
2 1753 1
17 1754 1
14 1755 1
16 1755 1
10 1755 1
9 1755 1
22 1755 1
3 1755 1
17 1755 1
8 1755 1
20 1755 1
17 1756 1
3 1757 1
17 1757 1
2 1757 1
8 1758 1
14 1759 1
16 1759 1
5 1759 1
10 1759 1
23 1759 1
3 1759 1
7 1760 1
9 1760 1
17 1760 1
12 1760 1
11 1760 1
9 1761 1
16 1762 1
10 1762 1
3 1762 1
16 1763 1
0 1763 1
14 1764 1
5 1764 1
10 1764 1
3 1764 1
0 1764 1
14 1765 1
5 1766 1
3 1766 1
17 1767 1
20 1767 1
14 1768 1
16 1768 1
10 1768 1
3 1768 1
11 1768 1
9 1769 1
3 1769 1
12 1769 1
16 1770 1
10 1770 1
15 1770 1
23 1770 1
14 1771 1
23 1771 1
17 1771 1
5 1772 1
19 1772 1
7 1772 1
9 1772 1
22 1772 1
8 1772 1
2 1772 1
11 1772 1
1 1772 1
20 1772 1
6 1772 1
14 1773 1
16 1773 1
10 1773 1
7 1773 1
9 1773 1
3 1773 1
17 1773 1
0 1773 1
12 1773 1
2 1773 1
11 1773 1
20 1773 1
14 1774 1
13 1775 1
14 1775 1
16 1775 1
5 1775 1
10 1775 1
24 1775 1
15 1775 1
21 1775 1
9 1775 1
23 1775 1
17 1775 1
0 1775 1
27 1775 1
14 1776 1
10 1776 1
9 1776 1
20 1776 1
5 1777 1
3 1777 1
15 1778 1
15 1779 1
9 1779 1
0 1780 1
20 1780 1
17 1781 1
13 1782 1
14 1782 1
5 1782 1
10 1782 1
19 1782 1
15 1782 1
9 1782 1
23 1782 1
3 1782 1
17 1782 1
8 1782 1
0 1782 1
2 1782 1
1 1782 1
17 1783 1
2 1783 1
13 1784 1
14 1784 1
9 1784 1
3 1784 1
17 1784 1
12 1784 1
11 1784 1
7 1785 1
3 1785 1
17 1785 1
8 1785 1
0 1785 1
14 1786 1
16 1786 1
5 1786 1
15 1786 1
9 1786 1
23 1786 1
22 1786 1
8 1786 1
2 1786 1
11 1786 1
22 1787 1
17 1787 1
5 1788 1
12 1788 1
10 1789 1
15 1789 1
17 1790 1
14 1791 1
3 1792 1
17 1792 1
20 1792 1
15 1793 1
8 1793 1
15 1794 1
22 1794 1
3 1794 1
17 1794 1
0 1794 1
20 1795 1
1 1796 1
14 1797 1
16 1797 1
5 1797 1
10 1797 1
15 1797 1
26 1797 1
21 1797 1
22 1797 1
8 1797 1
0 1797 1
13 1798 1
14 1798 1
16 1798 1
10 1798 1
15 1798 1
21 1798 1
9 1798 1
23 1798 1
3 1798 1
17 1798 1
0 1798 1
12 1798 1
11 1798 1
20 1798 1
13 1799 1
14 1799 1
16 1799 1
5 1799 1
15 1799 1
21 1799 1
9 1799 1
3 1799 1
0 1799 1
11 1799 1
32 1799 1
20 1799 1
6 1799 1
5 1800 1
7 1801 1
8 1801 1
20 1801 1
13 1802 1
14 1802 1
5 1802 1
10 1802 1
15 1802 1
9 1802 1
23 1802 1
17 1802 1
0 1802 1
14 1803 1
10 1803 1
22 1803 1
3 1803 1
22 1804 1
0 1804 1
10 1805 1
2 1806 1
17 1807 1
20 1808 1
17 1809 1
16 1810 1
24 1810 1
15 1810 1
23 1810 1
0 1810 1
10 1811 1
26 1811 1
9 1811 1
17 1811 1
8 1811 1
3 1812 1
20 1812 1
17 1813 1
15 1814 1
9 1814 1
15 1815 1
15 1816 1
9 1816 1
16 1817 1
3 1817 1
0 1817 1
8 1818 1
17 1819 1
5 1820 1
10 1820 1
15 1820 1
23 1820 1
22 1820 1
3 1820 1
20 1821 1
17 1822 1
17 1823 1
10 1824 1
2 1824 1
27 1824 1
17 1825 1
17 1826 1
15 1827 1
9 1827 1
23 1827 1
22 1827 1
3 1827 1
13 1828 1
16 1828 1
5 1828 1
10 1828 1
19 1828 1
29 1828 1
24 1828 1
15 1828 1
21 1828 1
9 1828 1
23 1828 1
3 1828 1
8 1828 1
0 1828 1
27 1828 1
6 1828 1
16 1829 1
10 1829 1
15 1829 1
3 1830 1
7 1831 1
8 1832 1
2 1833 1
11 1834 1
10 1835 1
20 1835 1
14 1836 1
10 1836 1
9 1836 1
22 1836 1
10 1837 1
7 1838 1
17 1839 1
2 1839 1
20 1839 1
14 1840 1
10 1840 1
20 1840 1
9 1841 1
9 1842 1
20 1843 1
9 1844 1
2 1845 1
2 1846 1
16 1847 1
15 1847 1
8 1847 1
0 1847 1
12 1847 1
20 1847 1
5 1848 1
3 1848 1
17 1848 1
16 1849 1
5 1849 1
10 1849 1
0 1849 1
17 1850 1
0 1850 1
20 1850 1
8 1851 1
2 1851 1
16 1852 1
20 1853 1
22 1854 1
17 1854 1
14 1855 1
16 1855 1
10 1855 1
15 1855 1
9 1855 1
23 1855 1
3 1855 1
17 1855 1
0 1855 1
2 1855 1
3 1856 1
17 1857 1
9 1858 1
17 1858 1
8 1858 1
2 1858 1
20 1859 1
14 1860 1
16 1860 1
7 1860 1
3 1860 1
17 1860 1
8 1860 1
0 1860 1
2 1860 1
13 1861 1
14 1861 1
10 1861 1
15 1861 1
9 1861 1
30 1861 1
3 1861 1
17 1861 1
0 1861 1
12 1861 1
11 1861 1
32 1861 1
6 1861 1
9 1862 1
22 1863 1
9 1864 1
6 1864 1
14 1865 1
16 1865 1
5 1865 1
10 1865 1
24 1865 1
15 1865 1
21 1865 1
9 1865 1
30 1865 1
3 1865 1
17 1865 1
0 1865 1
12 1865 1
11 1865 1
10 1866 1
3 1867 1
2 1867 1
16 1868 1
10 1868 1
15 1868 1
17 1868 1
20 1868 1
14 1869 1
16 1869 1
10 1869 1
9 1869 1
3 1869 1
17 1869 1
8 1869 1
0 1869 1
11 1869 1
14 1870 1
16 1870 1
15 1870 1
3 1870 1
4 1870 1
8 1870 1
0 1870 1
20 1870 1
13 1871 1
16 1871 1
5 1871 1
10 1871 1
24 1871 1
21 1871 1
23 1871 1
30 1871 1
3 1871 1
0 1871 1
27 1871 1
6 1871 1
10 1872 1
15 1873 1
7 1873 1
9 1873 1
22 1873 1
17 1873 1
1 1873 1
17 1874 1
0 1874 1
20 1874 1
10 1875 1
14 1876 1
8 1876 1
12 1876 1
8 1877 1
17 1878 1
13 1879 1
14 1879 1
16 1879 1
10 1879 1
24 1879 1
15 1879 1
7 1879 1
9 1879 1
22 1879 1
3 1879 1
17 1879 1
8 1879 1
0 1879 1
12 1879 1
11 1879 1
32 1879 1
1 1879 1
9 1880 1
17 1880 1
20 1881 1
14 1882 1
5 1882 1
10 1882 1
21 1882 1
23 1882 1
17 1882 1
20 1882 1
7 1883 1
23 1883 1
3 1883 1
11 1883 1
1 1883 1
17 1884 1
8 1884 1
2 1885 1
14 1886 1
7 1886 1
10 1887 1
0 1887 1
2 1888 1
13 1889 1
16 1889 1
5 1889 1
10 1889 1
21 1889 1
23 1889 1
3 1889 1
0 1889 1
6 1889 1
14 1890 1
2 1890 1
1 1891 1
13 1892 1
14 1892 1
16 1892 1
10 1892 1
7 1892 1
9 1892 1
22 1892 1
30 1892 1
3 1892 1
17 1892 1
8 1892 1
0 1892 1
17 1893 1
17 1894 1
20 1895 1
10 1896 1
0 1896 1
20 1896 1
3 1897 1
14 1898 1
16 1898 1
5 1898 1
10 1898 1
19 1898 1
15 1898 1
9 1898 1
23 1898 1
22 1898 1
3 1898 1
17 1898 1
0 1898 1
2 1898 1
20 1898 1
7 1899 1
2 1899 1
16 1900 1
5 1900 1
10 1900 1
15 1900 1
9 1900 1
23 1900 1
30 1900 1
17 1900 1
3 1901 1
2 1901 1
14 1902 1
10 1902 1
4 1902 1
11 1902 1
32 1902 1
20 1903 1
17 1904 1
16 1905 1
14 1906 1
16 1906 1
10 1906 1
15 1906 1
7 1906 1
0 1906 1
20 1906 1
14 1907 1
9 1907 1
2 1907 1
22 1908 1
17 1908 1
2 1908 1
15 1909 1
14 1910 1
16 1910 1
5 1910 1
15 1910 1
21 1910 1
22 1910 1
3 1910 1
0 1910 1
10 1911 1
3 1911 1
20 1912 1
17 1913 1
0 1913 1
14 1914 1
5 1914 1
10 1914 1
15 1914 1
15 1915 1
4 1915 1
17 1915 1
1 1915 1
16 1916 1
3 1916 1
20 1917 1
10 1918 1
22 1918 1
20 1918 1
2 1919 1
17 1920 1
8 1920 1
20 1921 1
15 1922 1
3 1922 1
10 1923 1
15 1923 1
23 1923 1
14 1924 1
9 1925 1
17 1925 1
8 1925 1
2 1925 1
14 1926 1
5 1926 1
14 1927 1
5 1927 1
10 1927 1
33 1927 1
15 1927 1
21 1927 1
9 1927 1
3 1927 1
0 1927 1
14 1928 1
8 1928 1
15 1929 1
17 1930 1
2 1930 1
14 1931 1
16 1931 1
10 1931 1
15 1931 1
9 1931 1
23 1931 1
22 1931 1
17 1931 1
8 1931 1
6 1931 1
14 1932 1
10 1932 1
3 1932 1
17 1932 1
14 1933 1
5 1933 1
10 1933 1
15 1933 1
21 1933 1
7 1933 1
9 1933 1
3 1933 1
17 1933 1
2 1933 1
20 1933 1
13 1934 1
22 1934 1
3 1934 1
17 1934 1
8 1934 1
16 1935 1
8 1935 1
0 1935 1
2 1935 1
1 1935 1
20 1935 1
3 1936 1
17 1937 1
14 1938 1
16 1938 1
10 1938 1
10 1939 1
10 1940 1
22 1940 1
7 1941 1
17 1941 1
8 1941 1
0 1941 1
20 1941 1
15 1942 1
20 1943 1
17 1944 1
20 1944 1
7 1945 1
2 1945 1
5 1946 1
10 1946 1
26 1946 1
7 1946 1
9 1946 1
3 1946 1
4 1946 1
12 1946 1
2 1946 1
11 1946 1
1 1946 1
14 1947 1
16 1947 1
5 1947 1
10 1947 1
24 1947 1
15 1947 1
21 1947 1
9 1947 1
23 1947 1
3 1947 1
17 1947 1
0 1947 1
2 1947 1
20 1947 1
6 1947 1
14 1948 1
16 1948 1
10 1948 1
33 1948 1
24 1948 1
15 1948 1
21 1948 1
9 1948 1
22 1948 1
30 1948 1
3 1948 1
17 1948 1
0 1948 1
12 1948 1
11 1948 1
27 1948 1
6 1948 1
0 1949 1
7 1950 1
9 1950 1
20 1950 1
14 1951 1
5 1951 1
0 1951 1
5 1952 1
10 1952 1
7 1952 1
9 1952 1
3 1952 1
17 1952 1
0 1952 1
20 1952 1
9 1953 1
4 1954 1
7 1955 1
17 1955 1
8 1955 1
20 1955 1
17 1956 1
16 1957 1
5 1957 1
10 1957 1
15 1957 1
3 1957 1
17 1957 1
0 1957 1
20 1957 1
13 1958 1
14 1958 1
16 1958 1
5 1958 1
10 1958 1
15 1958 1
21 1958 1
9 1958 1
23 1958 1
22 1958 1
3 1958 1
17 1958 1
2 1958 1
6 1958 1
20 1959 1
13 1960 1
10 1960 1
23 1960 1
15 1961 1
3 1961 1
17 1961 1
0 1962 1
10 1963 1
20 1963 1
13 1964 1
16 1964 1
5 1964 1
10 1964 1
24 1964 1
15 1964 1
21 1964 1
7 1964 1
9 1964 1
23 1964 1
22 1964 1
17 1964 1
28 1964 1
14 1965 1
10 1965 1
3 1965 1
17 1965 1
0 1965 1
2 1965 1
16 1966 1
2 1967 1
7 1968 1
9 1968 1
22 1968 1
24 1969 1
15 1969 1
16 1970 1
10 1970 1
15 1970 1
3 1970 1
8 1970 1
0 1970 1
2 1970 1
15 1971 1
16 1972 1
21 1972 1
9 1972 1
23 1972 1
22 1972 1
2 1973 1
16 1974 1
5 1974 1
15 1974 1
3 1974 1
17 1974 1
8 1974 1
20 1975 1
20 1976 1
10 1977 1
15 1977 1
21 1977 1
9 1977 1
3 1977 1
0 1977 1
6 1977 1
5 1978 1
7 1979 1
17 1979 1
2 1979 1
11 1979 1
20 1979 1
2 1980 1
20 1980 1
15 1981 1
3 1981 1
1 1981 1
2 1982 1
16 1983 1
15 1983 1
22 1983 1
20 1984 1
9 1985 1
17 1985 1
0 1985 1
20 1985 1
17 1986 1
20 1986 1
20 1987 1
14 1988 1
17 1988 1
20 1988 1
14 1989 1
10 1989 1
9 1989 1
17 1989 1
20 1989 1
8 1990 1
0 1990 1
9 1991 1
3 1991 1
8 1991 1
0 1991 1
14 1992 1
16 1992 1
10 1992 1
24 1992 1
15 1992 1
9 1992 1
23 1992 1
3 1992 1
17 1992 1
0 1992 1
20 1992 1
10 1993 1
8 1993 1
17 1994 1
16 1995 1
7 1995 1
9 1995 1
17 1995 1
2 1995 1
20 1995 1
14 1996 1
16 1996 1
5 1996 1
10 1996 1
15 1996 1
21 1996 1
17 1996 1
8 1996 1
0 1996 1
12 1996 1
2 1996 1
1 1996 1
14 1997 1
2 1997 1
17 1998 1
2 1999 1
10 2000 1
10 2001 1
0 2001 1
12 2001 1
15 2002 1
3 2002 1
2 2003 1
14 2004 1
10 2004 1
15 2004 1
3 2004 1
3 2005 1
0 2005 1
15 2006 1
7 2006 1
22 2006 1
3 2006 1
17 2006 1
0 2006 1
2 2006 1
1 2006 1
20 2006 1
28 2006 1
14 2007 1
16 2007 1
8 2007 1
22 2008 1
8 2008 1
12 2008 1
13 2009 1
14 2009 1
16 2009 1
5 2009 1
10 2009 1
33 2009 1
24 2009 1
15 2009 1
21 2009 1
7 2009 1
9 2009 1
23 2009 1
22 2009 1
30 2009 1
3 2009 1
8 2009 1
0 2009 1
12 2009 1
2 2009 1
11 2009 1
1 2009 1
6 2009 1
1 2010 1
10 2011 1
9 2011 1
22 2011 1
5 2012 1
15 2012 1
22 2012 1
3 2012 1
8 2012 1
0 2012 1
1 2012 1
6 2012 1
8 2013 1
16 2014 1
10 2014 1
3 2014 1
0 2014 1
3 2015 1
0 2015 1
26 2016 1
9 2016 1
14 2017 1
5 2017 1
10 2017 1
15 2017 1
7 2017 1
9 2017 1
22 2017 1
3 2017 1
8 2017 1
0 2017 1
12 2017 1
16 2018 1
3 2019 1
0 2019 1
20 2020 1
4 2021 1
2 2022 1
8 2023 1
14 2024 1
5 2024 1
9 2024 1
14 2025 1
16 2025 1
9 2025 1
23 2025 1
22 2025 1
17 2025 1
16 2026 1
8 2027 1
16 2028 1
3 2028 1
5 2029 1
16 2030 1
3 2030 1
17 2031 1
16 2032 1
10 2032 1
9 2032 1
0 2032 1
9 2033 1
7 2034 1
0 2034 1
16 2035 1
10 2035 1
15 2035 1
26 2035 1
9 2035 1
3 2035 1
8 2035 1
2 2035 1
11 2035 1
20 2035 1
14 2036 1
16 2036 1
10 2036 1
24 2036 1
15 2036 1
9 2036 1
3 2036 1
0 2036 1
2 2036 1
14 2037 1
0 2037 1
12 2037 1
10 2038 1
3 2038 1
1 2038 1
6 2038 1
16 2039 1
26 2039 1
8 2039 1
13 2040 1
16 2040 1
10 2040 1
24 2040 1
15 2040 1
3 2040 1
0 2040 1
12 2040 1
16 2041 1
15 2041 1
9 2041 1
23 2041 1
0 2041 1
13 2042 1
14 2042 1
16 2042 1
5 2042 1
10 2042 1
15 2042 1
9 2042 1
23 2042 1
3 2042 1
17 2042 1
0 2042 1
12 2042 1
27 2042 1
6 2042 1
16 2043 1
5 2043 1
15 2044 1
23 2044 1
7 2045 1
4 2045 1
1 2045 1
2 2046 1
9 2047 1
14 2048 1
10 2048 1
15 2048 1
9 2048 1
23 2048 1
22 2048 1
30 2048 1
3 2048 1
20 2048 1
6 2048 1
3 2049 1
0 2050 1
10 2051 1
9 2051 1
22 2051 1
8 2052 1
14 2053 1
24 2053 1
15 2053 1
9 2053 1
8 2053 1
12 2053 1
11 2053 1
32 2053 1
14 2054 1
16 2054 1
5 2054 1
15 2054 1
7 2054 1
8 2054 1
14 2055 1
16 2055 1
10 2055 1
9 2055 1
3 2055 1
2 2055 1
11 2055 1
32 2055 1
20 2055 1
16 2056 1
7 2057 1
1 2057 1
15 2058 1
9 2058 1
22 2058 1
14 2059 1
15 2059 1
9 2059 1
23 2059 1
22 2059 1
8 2059 1
13 2060 1
14 2060 1
16 2060 1
5 2060 1
10 2060 1
19 2060 1
33 2060 1
24 2060 1
15 2060 1
26 2060 1
21 2060 1
7 2060 1
9 2060 1
23 2060 1
22 2060 1
3 2060 1
8 2060 1
0 2060 1
12 2060 1
2 2060 1
11 2060 1
32 2060 1
1 2060 1
27 2060 1
6 2060 1
9 2061 1
22 2062 1
10 2063 1
9 2063 1
3 2063 1
3 2064 1
9 2065 1
8 2065 1
26 2066 1
13 2067 1
14 2067 1
16 2067 1
15 2067 1
3 2067 1
11 2067 1
20 2067 1
0 2068 1
7 2069 1
3 2070 1
13 2071 1
16 2071 1
5 2071 1
15 2071 1
8 2071 1
0 2071 1
7 2072 1
14 2073 1
9 2073 1
3 2073 1
3 2074 1
14 2075 1
16 2075 1
10 2075 1
15 2075 1
7 2075 1
9 2075 1
30 2075 1
3 2075 1
0 2075 1
2 2076 1
16 2077 1
5 2077 1
24 2077 1
9 2077 1
23 2077 1
8 2077 1
0 2077 1
5 2078 1
10 2078 1
15 2078 1
21 2078 1
9 2078 1
22 2078 1
8 2078 1
0 2078 1
12 2078 1
1 2078 1
25 2079 1
12 2079 1
16 2080 1
8 2081 1
15 2082 1
3 2082 1
12 2082 1
16 2083 1
5 2083 1
10 2083 1
24 2083 1
15 2083 1
9 2083 1
23 2083 1
8 2083 1
0 2083 1
5 2084 1
15 2085 1
16 2086 1
15 2086 1
23 2086 1
17 2086 1
8 2086 1
0 2086 1
6 2086 1
14 2087 1
16 2087 1
9 2087 1
23 2087 1
10 2088 1
9 2088 1
22 2088 1
3 2088 1
16 2089 1
0 2090 1
14 2091 1
5 2091 1
10 2091 1
7 2091 1
8 2091 1
0 2091 1
3 2092 1
10 2093 1
15 2093 1
9 2094 1
7 2095 1
0 2096 1
15 2097 1
9 2097 1
15 2098 1
7 2098 1
1 2098 1
13 2099 1
14 2099 1
16 2099 1
5 2099 1
10 2099 1
15 2099 1
21 2099 1
9 2099 1
22 2099 1
30 2099 1
3 2099 1
8 2099 1
0 2099 1
12 2099 1
2 2099 1
1 2099 1
27 2099 1
6 2099 1
13 2100 1
5 2100 1
24 2100 1
7 2100 1
22 2100 1
3 2100 1
0 2100 1
2 2100 1
11 2100 1
10 2101 1
15 2101 1
23 2101 1
3 2102 1
0 2102 1
16 2103 1
5 2103 1
10 2103 1
23 2103 1
15 2104 1
1 2104 1
15 2105 1
9 2105 1
17 2105 1
8 2106 1
15 2107 1
23 2107 1
16 2108 1
15 2108 1
14 2109 1
16 2109 1
5 2109 1
10 2109 1
15 2109 1
23 2109 1
22 2109 1
3 2109 1
0 2109 1
17 2110 1
16 2111 1
5 2111 1
10 2111 1
21 2111 1
0 2111 1
12 2111 1
14 2112 1
5 2112 1
19 2112 1
24 2112 1
15 2112 1
9 2112 1
22 2112 1
3 2112 1
8 2112 1
0 2112 1
12 2112 1
16 2113 1
0 2113 1
9 2114 1
8 2115 1
7 2116 1
2 2116 1
1 2116 1
9 2117 1
11 2118 1
16 2119 1
5 2119 1
10 2119 1
9 2119 1
2 2119 1
22 2120 1
20 2120 1
3 2121 1
0 2121 1
10 2122 1
3 2122 1
8 2122 1
0 2122 1
16 2123 1
15 2123 1
21 2123 1
9 2123 1
22 2123 1
3 2123 1
0 2123 1
12 2123 1
3 2124 1
8 2124 1
0 2124 1
16 2125 1
15 2125 1
9 2125 1
0 2125 1
10 2126 1
8 2126 1
8 2127 1
13 2128 1
14 2128 1
16 2128 1
5 2128 1
10 2128 1
15 2128 1
21 2128 1
9 2128 1
22 2128 1
30 2128 1
3 2128 1
8 2128 1
0 2128 1
6 2128 1
3 2129 1
8 2129 1
0 2129 1
22 2130 1
20 2130 1
13 2131 1
5 2131 1
10 2131 1
24 2131 1
3 2131 1
17 2131 1
8 2131 1
0 2131 1
12 2131 1
2 2131 1
11 2131 1
5 2132 1
10 2132 1
7 2132 1
0 2132 1
23 2133 1
22 2133 1
14 2134 1
16 2134 1
5 2134 1
10 2134 1
15 2134 1
7 2134 1
9 2134 1
23 2134 1
0 2134 1
2 2134 1
0 2135 1
16 2136 1
10 2136 1
15 2136 1
23 2136 1
22 2136 1
8 2136 1
0 2136 1
6 2136 1
3 2137 1
5 2138 1
10 2138 1
15 2138 1
26 2138 1
9 2138 1
22 2138 1
3 2138 1
0 2138 1
11 2138 1
14 2139 1
16 2139 1
5 2139 1
15 2139 1
26 2139 1
7 2139 1
9 2139 1
12 2139 1
2 2139 1
1 2139 1
16 2140 1
15 2140 1
9 2140 1
8 2140 1
0 2140 1
14 2141 1
16 2141 1
5 2141 1
3 2141 1
16 2142 1
9 2142 1
17 2142 1
0 2142 1
