2361 8960
0 54 1
1 55 1
2 56 1
3 57 1
4 58 1
5 58 1
6 58 1
7 58 1
8 58 1
9 59 1
10 60 1
11 61 1
1 62 1
10 62 1
2 62 1
12 63 1
12 64 1
13 64 1
14 64 1
15 64 1
0 65 1
2 66 1
16 67 1
9 68 1
10 68 1
17 68 1
16 68 1
2 68 1
18 68 1
7 68 1
5 69 1
19 69 1
20 69 1
9 69 1
21 69 1
0 69 1
4 69 1
17 69 1
16 69 1
2 69 1
18 69 1
9 70 1
2 70 1
11 70 1
12 71 1
22 72 1
23 73 1
9 73 1
1 73 1
24 73 1
25 73 1
12 73 1
8 73 1
17 73 1
6 73 1
2 73 1
18 73 1
26 73 1
11 73 1
1 74 1
25 74 1
0 75 1
14 75 1
22 76 1
20 77 1
9 77 1
20 78 1
9 78 1
4 78 1
5 78 1
19 78 1
27 78 1
21 79 1
0 80 1
21 80 1
27 80 1
28 81 1
17 81 1
6 82 1
11 82 1
12 83 1
12 84 1
11 85 1
20 86 1
9 86 1
28 86 1
19 86 1
2 87 1
9 88 1
28 88 1
19 88 1
21 88 1
22 89 1
22 90 1
1 90 1
24 90 1
25 90 1
5 90 1
29 90 1
2 90 1
11 90 1
30 91 1
20 91 1
23 91 1
9 91 1
1 91 1
24 91 1
4 91 1
28 91 1
25 91 1
5 91 1
12 91 1
21 91 1
13 91 1
10 91 1
6 91 1
31 91 1
11 91 1
2 92 1
32 93 1
12 94 1
2 95 1
15 95 1
3 96 1
25 97 1
6 98 1
11 98 1
12 99 1
6 99 1
11 99 1
11 100 1
20 101 1
9 101 1
20 102 1
9 102 1
25 102 1
33 102 1
14 102 1
6 102 1
14 103 1
22 104 1
0 104 1
10 104 1
20 105 1
22 105 1
9 105 1
24 105 1
11 105 1
1 106 1
12 106 1
11 106 1
9 107 1
9 108 1
20 109 1
23 109 1
9 109 1
19 109 1
34 109 1
14 109 1
11 109 1
9 110 1
20 111 1
23 111 1
9 111 1
0 111 1
5 111 1
19 111 1
21 111 1
27 111 1
18 111 1
7 111 1
2 112 1
22 113 1
21 113 1
10 113 1
2 113 1
18 113 1
8 114 1
14 114 1
1 115 1
28 116 1
12 117 1
12 118 1
7 118 1
1 119 1
5 120 1
25 121 1
12 121 1
2 121 1
18 121 1
11 121 1
0 122 1
31 122 1
22 123 1
8 123 1
6 123 1
25 124 1
12 124 1
1 125 1
25 125 1
12 125 1
14 125 1
2 125 1
15 125 1
9 126 1
1 126 1
24 126 1
25 126 1
5 126 1
12 126 1
8 126 1
14 126 1
6 126 1
26 126 1
11 126 1
0 127 1
28 127 1
5 127 1
25 128 1
10 129 1
17 129 1
7 129 1
1 130 1
15 131 1
20 132 1
22 132 1
23 132 1
4 132 1
28 132 1
35 132 1
10 132 1
14 132 1
17 132 1
2 132 1
18 132 1
7 132 1
26 132 1
11 132 1
11 133 1
3 133 1
11 134 1
3 135 1
22 136 1
9 137 1
2 137 1
18 137 1
11 138 1
21 139 1
20 140 1
22 140 1
23 140 1
9 140 1
1 140 1
24 140 1
35 140 1
25 140 1
5 140 1
19 140 1
12 140 1
36 140 1
10 140 1
14 140 1
17 140 1
16 140 1
6 140 1
2 140 1
18 140 1
7 140 1
11 140 1
20 141 1
1 142 1
37 142 1
6 142 1
11 142 1
6 143 1
1 144 1
24 144 1
4 144 1
5 144 1
12 144 1
10 144 1
17 144 1
6 144 1
2 144 1
18 144 1
23 145 1
9 145 1
25 145 1
20 146 1
22 146 1
8 146 1
10 146 1
14 146 1
17 146 1
7 146 1
14 147 1
2 148 1
12 149 1
11 149 1
20 150 1
19 150 1
11 150 1
20 151 1
22 152 1
8 153 1
6 153 1
11 153 1
0 154 1
2 154 1
3 155 1
8 156 1
1 157 1
19 157 1
11 157 1
9 158 1
25 158 1
14 158 1
6 158 1
11 158 1
9 159 1
25 159 1
11 159 1
28 160 1
21 160 1
18 160 1
12 161 1
14 161 1
11 161 1
2 162 1
20 163 1
22 163 1
9 163 1
19 163 1
19 164 1
20 165 1
22 165 1
4 165 1
10 165 1
22 166 1
21 166 1
10 166 1
23 167 1
0 167 1
28 167 1
21 167 1
12 168 1
14 169 1
23 170 1
5 170 1
19 170 1
1 171 1
22 172 1
12 173 1
10 173 1
27 173 1
12 174 1
12 175 1
13 175 1
11 175 1
21 176 1
1 177 1
11 177 1
9 178 1
14 178 1
11 179 1
1 180 1
26 180 1
20 181 1
22 181 1
9 181 1
0 181 1
24 181 1
4 181 1
35 181 1
5 181 1
21 181 1
33 181 1
10 181 1
6 181 1
2 181 1
18 181 1
7 181 1
11 181 1
11 182 1
9 183 1
25 183 1
37 183 1
12 183 1
8 183 1
14 183 1
6 183 1
31 183 1
2 183 1
3 183 1
25 184 1
20 185 1
22 185 1
9 185 1
21 185 1
6 186 1
20 187 1
22 187 1
9 187 1
28 187 1
5 187 1
8 187 1
33 187 1
10 187 1
16 187 1
27 187 1
2 187 1
18 187 1
25 188 1
24 189 1
5 189 1
21 189 1
2 189 1
18 189 1
11 189 1
27 190 1
38 191 1
23 191 1
4 191 1
5 191 1
8 191 1
36 191 1
10 191 1
2 191 1
39 191 1
3 192 1
22 193 1
11 194 1
24 195 1
28 195 1
5 195 1
17 195 1
7 195 1
23 196 1
0 196 1
12 196 1
14 196 1
11 196 1
1 197 1
1 198 1
24 199 1
20 200 1
9 200 1
0 200 1
27 200 1
2 200 1
3 200 1
22 201 1
4 201 1
10 201 1
17 201 1
16 201 1
2 201 1
7 201 1
9 202 1
24 202 1
12 202 1
17 202 1
19 203 1
2 203 1
20 204 1
26 204 1
17 205 1
2 205 1
11 205 1
23 206 1
9 206 1
24 206 1
21 206 1
10 206 1
14 206 1
7 206 1
20 206 1
1 206 1
5 206 1
19 206 1
12 206 1
16 206 1
27 206 1
2 206 1
26 206 1
11 206 1
1 207 1
23 208 1
24 208 1
10 208 1
18 208 1
20 208 1
22 208 1
5 208 1
17 208 1
27 208 1
11 208 1
25 209 1
14 209 1
12 209 1
6 209 1
9 210 1
22 211 1
5 212 1
19 213 1
9 214 1
21 214 1
20 214 1
14 215 1
31 215 1
18 215 1
12 215 1
6 215 1
11 215 1
7 216 1
1 216 1
3 217 1
22 218 1
24 219 1
35 219 1
10 219 1
14 219 1
29 219 1
22 219 1
17 219 1
27 219 1
30 220 1
23 220 1
9 220 1
24 220 1
4 220 1
28 220 1
35 220 1
25 220 1
37 220 1
21 220 1
36 220 1
13 220 1
10 220 1
14 220 1
29 220 1
31 220 1
18 220 1
39 220 1
20 220 1
22 220 1
1 220 1
40 220 1
32 220 1
5 220 1
19 220 1
41 220 1
12 220 1
33 220 1
17 220 1
16 220 1
6 220 1
27 220 1
2 220 1
11 220 1
8 221 1
0 222 1
19 222 1
1 223 1
3 223 1
8 224 1
10 225 1
14 225 1
12 225 1
8 225 1
6 225 1
25 226 1
1 226 1
5 226 1
12 226 1
2 226 1
7 227 1
22 227 1
33 227 1
38 228 1
9 228 1
24 228 1
25 228 1
13 228 1
10 228 1
14 228 1
31 228 1
18 228 1
7 228 1
20 228 1
22 228 1
1 228 1
5 228 1
19 228 1
12 228 1
8 228 1
17 228 1
16 228 1
6 228 1
27 228 1
2 228 1
26 228 1
11 228 1
14 229 1
26 229 1
23 230 1
15 231 1
9 232 1
17 232 1
2 232 1
0 233 1
5 233 1
5 234 1
14 235 1
8 235 1
9 236 1
24 236 1
21 236 1
18 236 1
39 236 1
20 236 1
5 236 1
17 236 1
16 236 1
2 236 1
8 237 1
2 238 1
23 239 1
0 239 1
25 239 1
37 239 1
13 239 1
14 239 1
15 239 1
12 239 1
2 240 1
15 241 1
11 241 1
18 242 1
2 242 1
14 243 1
1 243 1
11 243 1
3 244 1
25 245 1
1 245 1
12 245 1
42 245 1
2 245 1
24 246 1
21 247 1
21 248 1
12 249 1
24 250 1
25 250 1
37 250 1
13 250 1
14 250 1
18 250 1
7 250 1
15 250 1
1 250 1
5 250 1
12 250 1
17 250 1
16 250 1
6 250 1
2 250 1
11 250 1
9 251 1
0 251 1
22 251 1
8 251 1
33 251 1
26 251 1
29 252 1
24 253 1
25 253 1
14 253 1
20 253 1
22 253 1
12 253 1
11 253 1
28 254 1
25 254 1
10 254 1
14 254 1
31 254 1
22 254 1
4 255 1
8 256 1
19 257 1
17 258 1
2 258 1
25 259 1
1 259 1
12 259 1
12 260 1
31 261 1
2 262 1
0 263 1
21 264 1
25 265 1
1 265 1
11 265 1
9 266 1
20 266 1
22 267 1
1 268 1
11 269 1
5 270 1
20 271 1
0 272 1
3 273 1
24 274 1
18 274 1
20 274 1
5 274 1
8 274 1
17 274 1
16 274 1
2 274 1
9 275 1
0 275 1
4 276 1
20 277 1
24 278 1
10 278 1
31 278 1
1 278 1
19 278 1
8 278 1
11 278 1
38 279 1
43 279 1
4 279 1
35 279 1
25 279 1
36 279 1
10 279 1
29 279 1
18 279 1
7 279 1
39 279 1
20 279 1
22 279 1
12 279 1
8 279 1
33 279 1
17 279 1
16 279 1
27 279 1
2 279 1
26 279 1
11 279 1
10 280 1
14 280 1
7 280 1
12 280 1
17 280 1
2 280 1
25 281 1
15 281 1
14 282 1
9 283 1
4 283 1
10 283 1
14 283 1
18 283 1
22 283 1
5 283 1
12 283 1
17 283 1
16 283 1
2 283 1
9 284 1
24 285 1
4 285 1
25 285 1
10 285 1
14 285 1
31 285 1
18 285 1
7 285 1
15 285 1
22 285 1
5 285 1
12 285 1
17 285 1
16 285 1
6 285 1
27 285 1
2 285 1
11 285 1
25 286 1
1 286 1
0 287 1
0 288 1
0 289 1
8 289 1
14 290 1
11 290 1
0 291 1
27 291 1
30 292 1
12 292 1
8 292 1
26 292 1
11 292 1
18 293 1
11 293 1
4 294 1
11 295 1
11 296 1
25 297 1
12 297 1
3 297 1
2 298 1
24 299 1
18 299 1
7 299 1
5 299 1
17 299 1
27 299 1
2 299 1
23 300 1
25 301 1
13 301 1
14 301 1
15 301 1
12 301 1
6 301 1
11 301 1
28 302 1
14 302 1
20 302 1
22 302 1
25 303 1
13 303 1
1 303 1
12 303 1
3 303 1
1 304 1
14 305 1
1 305 1
26 305 1
9 306 1
15 306 1
25 307 1
12 307 1
25 308 1
11 308 1
25 309 1
37 309 1
14 309 1
31 309 1
1 309 1
12 309 1
6 309 1
2 309 1
11 309 1
4 310 1
22 311 1
1 311 1
8 311 1
22 312 1
24 313 1
36 313 1
14 313 1
18 313 1
8 313 1
17 313 1
16 313 1
2 313 1
11 313 1
10 314 1
11 315 1
0 316 1
4 317 1
25 317 1
14 317 1
29 317 1
20 317 1
22 317 1
2 317 1
0 318 1
24 319 1
25 319 1
18 319 1
1 319 1
5 319 1
16 319 1
6 319 1
2 319 1
11 319 1
20 320 1
3 321 1
20 322 1
4 323 1
33 323 1
10 324 1
12 324 1
20 325 1
8 325 1
22 326 1
27 326 1
23 327 1
25 327 1
14 327 1
18 327 1
15 327 1
1 327 1
5 327 1
12 327 1
8 327 1
26 327 1
11 327 1
22 328 1
14 329 1
20 329 1
8 329 1
6 329 1
11 329 1
1 330 1
12 330 1
2 330 1
25 331 1
12 331 1
8 331 1
14 332 1
1 332 1
25 333 1
27 333 1
14 334 1
10 335 1
20 335 1
22 335 1
40 335 1
12 335 1
2 335 1
8 336 1
12 337 1
12 338 1
15 339 1
9 340 1
28 340 1
25 341 1
14 341 1
15 341 1
1 341 1
11 341 1
2 342 1
8 343 1
8 344 1
9 345 1
10 345 1
20 345 1
23 346 1
9 347 1
39 348 1
2 349 1
23 350 1
14 350 1
5 350 1
8 350 1
8 351 1
23 352 1
19 352 1
8 352 1
17 352 1
3 352 1
9 353 1
14 354 1
13 355 1
1 355 1
9 356 1
20 356 1
5 357 1
9 358 1
14 358 1
15 358 1
1 358 1
19 358 1
8 358 1
26 358 1
23 359 1
0 359 1
19 359 1
30 360 1
9 360 1
22 360 1
25 361 1
12 361 1
23 362 1
9 362 1
0 362 1
24 362 1
4 362 1
25 362 1
21 362 1
13 362 1
10 362 1
14 362 1
31 362 1
18 362 1
7 362 1
15 362 1
20 362 1
22 362 1
1 362 1
5 362 1
19 362 1
41 362 1
12 362 1
8 362 1
17 362 1
16 362 1
6 362 1
2 362 1
26 362 1
11 362 1
3 362 1
11 363 1
23 364 1
9 364 1
0 364 1
24 364 1
28 364 1
25 364 1
21 364 1
10 364 1
20 364 1
1 364 1
40 364 1
19 364 1
41 364 1
12 364 1
17 364 1
16 364 1
2 364 1
11 364 1
3 364 1
0 365 1
9 366 1
19 366 1
6 367 1
11 367 1
22 368 1
24 369 1
7 369 1
1 369 1
5 369 1
12 369 1
17 369 1
6 369 1
11 369 1
21 370 1
10 371 1
14 371 1
22 371 1
41 371 1
33 371 1
23 372 1
9 372 1
24 372 1
25 372 1
36 372 1
10 372 1
14 372 1
31 372 1
7 372 1
22 372 1
5 372 1
41 372 1
6 372 1
27 372 1
2 372 1
11 372 1
12 373 1
0 374 1
19 375 1
9 376 1
10 376 1
24 377 1
10 377 1
18 377 1
7 377 1
15 377 1
20 377 1
5 377 1
17 377 1
16 377 1
27 377 1
2 377 1
20 378 1
2 379 1
14 380 1
28 381 1
25 381 1
1 381 1
26 382 1
7 383 1
14 384 1
22 385 1
2 385 1
23 386 1
9 386 1
0 386 1
25 386 1
37 386 1
21 386 1
31 386 1
18 386 1
20 386 1
22 386 1
19 386 1
12 386 1
8 386 1
42 386 1
27 386 1
2 386 1
11 386 1
25 387 1
2 387 1
9 388 1
0 388 1
21 388 1
31 388 1
20 388 1
1 388 1
12 388 1
6 388 1
27 388 1
11 388 1
25 389 1
21 389 1
10 389 1
22 389 1
12 389 1
6 389 1
20 390 1
24 391 1
25 391 1
1 391 1
12 391 1
23 392 1
28 392 1
5 392 1
12 392 1
17 392 1
11 392 1
18 393 1
16 393 1
3 393 1
19 394 1
23 395 1
9 395 1
4 395 1
28 395 1
21 395 1
10 395 1
18 395 1
22 395 1
19 395 1
41 395 1
33 395 1
17 395 1
16 395 1
6 395 1
2 395 1
11 395 1
0 396 1
19 396 1
27 396 1
2 396 1
27 397 1
24 398 1
18 398 1
7 398 1
5 398 1
17 398 1
16 398 1
2 398 1
25 399 1
1 399 1
1 400 1
12 400 1
8 400 1
14 401 1
1 401 1
17 401 1
6 401 1
2 401 1
11 401 1
3 401 1
9 402 1
28 402 1
14 402 1
19 402 1
12 402 1
27 402 1
3 402 1
23 403 1
10 403 1
19 403 1
2 403 1
10 404 1
18 404 1
7 404 1
1 404 1
2 404 1
11 404 1
30 405 1
23 405 1
9 405 1
0 405 1
24 405 1
28 405 1
21 405 1
18 405 1
7 405 1
20 405 1
22 405 1
5 405 1
19 405 1
12 405 1
8 405 1
17 405 1
27 405 1
2 405 1
11 405 1
3 405 1
11 406 1
23 407 1
36 407 1
10 407 1
18 407 1
39 407 1
22 407 1
19 407 1
16 407 1
27 407 1
2 407 1
6 408 1
25 409 1
2 409 1
23 410 1
9 410 1
0 410 1
25 410 1
37 410 1
14 410 1
18 410 1
20 410 1
1 410 1
5 410 1
12 410 1
17 410 1
6 410 1
27 410 1
2 410 1
11 410 1
3 410 1
30 411 1
9 411 1
20 411 1
40 411 1
27 411 1
9 412 1
20 412 1
16 413 1
23 414 1
2 415 1
14 416 1
11 416 1
14 417 1
1 417 1
8 417 1
21 418 1
2 419 1
11 420 1
9 421 1
0 421 1
10 421 1
31 421 1
22 421 1
27 421 1
2 422 1
23 423 1
9 423 1
4 423 1
28 423 1
21 423 1
31 423 1
20 423 1
22 423 1
19 423 1
41 423 1
18 424 1
16 424 1
2 424 1
14 425 1
5 425 1
11 425 1
44 426 1
25 426 1
40 427 1
41 427 1
19 428 1
23 429 1
9 429 1
28 429 1
21 429 1
18 429 1
20 429 1
19 429 1
17 429 1
2 429 1
3 429 1
17 430 1
28 431 1
4 432 1
14 432 1
20 432 1
1 432 1
11 432 1
25 433 1
12 433 1
11 433 1
20 434 1
23 435 1
9 435 1
25 435 1
21 435 1
14 435 1
20 435 1
22 435 1
19 435 1
12 435 1
34 435 1
11 435 1
2 436 1
2 437 1
33 438 1
14 439 1
12 440 1
5 441 1
21 442 1
14 443 1
1 443 1
8 443 1
26 443 1
9 444 1
24 444 1
7 444 1
5 444 1
11 444 1
12 445 1
9 446 1
23 447 1
0 447 1
14 448 1
14 449 1
1 449 1
12 449 1
6 449 1
0 450 1
20 450 1
8 450 1
14 451 1
12 451 1
33 451 1
25 452 1
37 452 1
13 452 1
1 452 1
12 452 1
6 452 1
11 452 1
23 453 1
24 453 1
18 453 1
7 453 1
20 453 1
5 453 1
17 453 1
16 453 1
14 454 1
12 454 1
12 455 1
28 456 1
23 457 1
9 457 1
28 457 1
10 457 1
20 457 1
22 457 1
8 457 1
16 457 1
2 457 1
11 458 1
23 459 1
18 459 1
20 459 1
1 459 1
5 459 1
19 459 1
12 459 1
17 459 1
6 459 1
11 459 1
3 459 1
4 460 1
23 461 1
9 461 1
24 461 1
4 461 1
35 461 1
45 461 1
10 461 1
46 461 1
29 461 1
31 461 1
18 461 1
7 461 1
20 461 1
22 461 1
1 461 1
40 461 1
5 461 1
19 461 1
34 461 1
33 461 1
17 461 1
16 461 1
2 461 1
11 461 1
38 462 1
22 462 1
14 463 1
18 464 1
22 464 1
23 465 1
0 465 1
28 465 1
18 465 1
3 465 1
23 466 1
4 466 1
25 466 1
21 466 1
22 466 1
8 466 1
2 466 1
3 466 1
0 467 1
12 468 1
12 469 1
11 469 1
23 470 1
0 470 1
28 470 1
28 471 1
20 471 1
44 472 1
14 473 1
8 473 1
23 474 1
9 474 1
10 474 1
20 474 1
33 474 1
42 474 1
9 475 1
10 476 1
22 476 1
21 477 1
20 477 1
19 477 1
19 478 1
30 479 1
23 479 1
9 479 1
0 479 1
24 479 1
4 479 1
28 479 1
35 479 1
25 479 1
37 479 1
21 479 1
10 479 1
14 479 1
18 479 1
7 479 1
15 479 1
20 479 1
22 479 1
1 479 1
40 479 1
32 479 1
5 479 1
19 479 1
41 479 1
12 479 1
8 479 1
33 479 1
17 479 1
16 479 1
6 479 1
27 479 1
2 479 1
26 479 1
11 479 1
9 480 1
0 480 1
19 480 1
21 481 1
20 481 1
14 482 1
23 483 1
9 483 1
18 483 1
2 483 1
1 484 1
10 485 1
12 485 1
6 486 1
6 487 1
4 488 1
10 488 1
9 489 1
14 489 1
31 489 1
1 489 1
12 489 1
11 489 1
14 490 1
12 490 1
6 490 1
11 490 1
23 491 1
5 492 1
17 492 1
11 493 1
23 494 1
0 494 1
14 494 1
18 494 1
20 494 1
12 494 1
17 494 1
16 494 1
6 494 1
27 494 1
2 494 1
3 494 1
30 495 1
9 495 1
4 495 1
28 495 1
35 495 1
45 495 1
46 495 1
47 495 1
20 495 1
40 495 1
32 495 1
5 495 1
19 495 1
41 495 1
8 495 1
33 495 1
17 495 1
26 495 1
23 496 1
9 496 1
21 496 1
36 496 1
13 496 1
18 496 1
7 496 1
17 496 1
27 496 1
2 496 1
11 496 1
2 497 1
23 498 1
14 498 1
41 498 1
42 498 1
25 499 1
1 499 1
8 500 1
6 500 1
26 500 1
9 501 1
0 501 1
24 501 1
28 501 1
37 501 1
21 501 1
10 501 1
7 501 1
20 501 1
22 501 1
33 501 1
2 501 1
14 502 1
14 503 1
5 504 1
17 504 1
25 505 1
1 505 1
12 505 1
0 506 1
25 506 1
20 506 1
12 506 1
11 506 1
2 507 1
24 508 1
4 508 1
18 508 1
5 508 1
17 508 1
16 508 1
6 508 1
2 508 1
3 508 1
15 509 1
8 509 1
23 510 1
0 510 1
1 510 1
6 510 1
11 510 1
3 510 1
9 511 1
27 511 1
9 512 1
4 512 1
14 512 1
22 512 1
17 512 1
16 512 1
9 513 1
0 513 1
20 513 1
23 514 1
9 514 1
0 514 1
24 514 1
4 514 1
28 514 1
10 514 1
18 514 1
7 514 1
20 514 1
22 514 1
5 514 1
19 514 1
17 514 1
16 514 1
42 514 1
2 514 1
0 515 1
20 515 1
11 516 1
44 517 1
13 517 1
14 517 1
31 517 1
15 517 1
1 517 1
12 517 1
6 517 1
11 517 1
23 518 1
9 518 1
24 518 1
4 518 1
28 518 1
21 518 1
10 518 1
18 518 1
7 518 1
20 518 1
22 518 1
17 518 1
16 518 1
42 518 1
2 518 1
23 519 1
9 519 1
0 519 1
24 519 1
35 519 1
18 519 1
20 519 1
32 519 1
5 519 1
19 519 1
17 519 1
16 519 1
2 519 1
0 520 1
22 520 1
14 521 1
12 521 1
14 522 1
31 522 1
1 522 1
33 522 1
6 522 1
11 522 1
3 522 1
0 523 1
4 523 1
20 523 1
5 523 1
17 523 1
11 523 1
9 524 1
36 525 1
14 525 1
31 525 1
12 525 1
16 525 1
8 526 1
4 527 1
10 527 1
18 527 1
7 527 1
5 527 1
12 527 1
8 527 1
17 527 1
16 527 1
2 527 1
26 527 1
11 527 1
12 528 1
30 529 1
9 529 1
24 529 1
28 529 1
10 529 1
18 529 1
20 529 1
22 529 1
32 529 1
17 529 1
16 529 1
2 529 1
11 529 1
9 530 1
10 530 1
5 530 1
42 531 1
23 532 1
9 532 1
24 532 1
25 532 1
13 532 1
10 532 1
14 532 1
18 532 1
7 532 1
20 532 1
1 532 1
5 532 1
41 532 1
12 532 1
17 532 1
6 532 1
27 532 1
2 532 1
11 532 1
34 533 1
1 534 1
23 535 1
9 535 1
25 535 1
31 535 1
18 535 1
20 535 1
1 535 1
12 535 1
6 535 1
11 535 1
0 536 1
2 537 1
0 538 1
15 539 1
20 539 1
1 539 1
11 539 1
3 539 1
14 540 1
1 540 1
1 541 1
2 541 1
9 542 1
21 543 1
17 544 1
24 545 1
4 545 1
22 545 1
5 545 1
19 545 1
33 545 1
18 546 1
5 546 1
8 546 1
17 546 1
16 546 1
2 546 1
24 547 1
5 547 1
17 547 1
2 547 1
11 547 1
22 548 1
24 549 1
25 549 1
37 549 1
13 549 1
14 549 1
31 549 1
15 549 1
1 549 1
12 549 1
6 549 1
11 549 1
14 550 1
12 550 1
11 550 1
21 551 1
9 552 1
14 552 1
20 552 1
19 552 1
28 553 1
4 554 1
14 554 1
18 554 1
7 554 1
5 554 1
8 554 1
17 554 1
16 554 1
2 554 1
26 554 1
4 555 1
28 555 1
7 555 1
5 555 1
17 555 1
9 556 1
2 556 1
48 557 1
11 557 1
3 557 1
0 558 1
13 558 1
11 558 1
12 559 1
39 560 1
1 561 1
22 562 1
1 563 1
12 563 1
23 564 1
9 564 1
24 564 1
4 564 1
1 564 1
5 564 1
12 564 1
6 564 1
11 564 1
3 564 1
38 565 1
9 565 1
24 565 1
4 565 1
10 565 1
14 565 1
29 565 1
18 565 1
22 565 1
5 565 1
41 565 1
8 565 1
33 565 1
17 565 1
16 565 1
6 565 1
2 565 1
26 565 1
11 565 1
14 566 1
19 566 1
23 567 1
1 567 1
2 567 1
11 567 1
37 568 1
14 568 1
15 568 1
1 568 1
6 568 1
11 568 1
9 569 1
21 569 1
18 569 1
8 570 1
28 571 1
28 572 1
27 572 1
23 573 1
9 573 1
25 573 1
14 573 1
5 573 1
12 573 1
11 573 1
3 573 1
1 574 1
8 574 1
26 574 1
11 574 1
3 574 1
23 575 1
9 575 1
0 575 1
24 575 1
4 575 1
25 575 1
10 575 1
14 575 1
31 575 1
18 575 1
19 575 1
12 575 1
8 575 1
17 575 1
27 575 1
2 575 1
3 575 1
24 576 1
37 576 1
13 576 1
10 576 1
31 576 1
5 576 1
12 576 1
17 576 1
6 576 1
2 576 1
11 576 1
21 577 1
20 577 1
11 577 1
2 578 1
11 578 1
23 579 1
24 579 1
4 579 1
21 579 1
10 579 1
47 579 1
14 579 1
18 579 1
20 579 1
22 579 1
32 579 1
5 579 1
41 579 1
34 579 1
33 579 1
17 579 1
42 579 1
25 580 1
12 580 1
25 581 1
38 582 1
0 582 1
24 582 1
44 582 1
36 582 1
49 582 1
1 582 1
50 582 1
25 583 1
12 583 1
23 584 1
21 584 1
14 584 1
18 584 1
12 584 1
27 584 1
2 584 1
23 585 1
22 586 1
41 586 1
23 587 1
9 587 1
24 587 1
4 587 1
25 587 1
21 587 1
36 587 1
10 587 1
14 587 1
31 587 1
18 587 1
20 587 1
22 587 1
1 587 1
5 587 1
19 587 1
33 587 1
6 587 1
2 587 1
11 587 1
26 588 1
25 589 1
12 589 1
2 590 1
24 591 1
38 592 1
10 592 1
14 592 1
15 592 1
20 592 1
5 592 1
8 592 1
26 592 1
0 593 1
24 593 1
18 593 1
7 593 1
20 593 1
17 593 1
16 593 1
2 593 1
23 594 1
9 594 1
28 594 1
14 594 1
3 594 1
9 595 1
9 596 1
0 596 1
21 596 1
0 597 1
1 598 1
3 599 1
22 600 1
11 601 1
20 602 1
5 603 1
12 604 1
5 605 1
11 606 1
21 607 1
5 607 1
12 608 1
2 608 1
25 609 1
24 610 1
10 610 1
18 610 1
5 610 1
41 610 1
8 610 1
33 610 1
17 610 1
16 610 1
27 610 1
2 610 1
11 610 1
24 611 1
9 612 1
28 612 1
38 613 1
9 613 1
20 613 1
8 613 1
26 613 1
1 614 1
40 614 1
12 614 1
12 615 1
0 616 1
28 617 1
0 618 1
2 619 1
7 620 1
20 620 1
12 621 1
23 622 1
9 622 1
0 622 1
24 622 1
28 622 1
21 622 1
10 622 1
18 622 1
20 622 1
5 622 1
19 622 1
12 622 1
17 622 1
2 622 1
14 623 1
22 623 1
8 623 1
26 623 1
28 624 1
11 625 1
1 626 1
8 626 1
4 627 1
14 627 1
1 628 1
12 628 1
44 629 1
13 629 1
1 629 1
12 629 1
8 629 1
11 629 1
28 630 1
5 631 1
23 632 1
9 632 1
0 632 1
24 632 1
18 632 1
5 632 1
19 632 1
2 632 1
9 633 1
24 633 1
10 633 1
14 633 1
18 633 1
1 633 1
5 633 1
19 633 1
12 633 1
8 633 1
17 633 1
16 633 1
6 633 1
2 633 1
11 633 1
25 634 1
21 635 1
20 635 1
2 636 1
1 637 1
12 637 1
14 638 1
8 638 1
0 639 1
25 639 1
21 639 1
20 639 1
2 639 1
23 640 1
0 640 1
24 640 1
25 640 1
36 640 1
18 640 1
7 640 1
1 640 1
17 640 1
16 640 1
2 640 1
11 640 1
3 640 1
9 641 1
7 641 1
17 641 1
11 641 1
4 642 1
7 642 1
5 642 1
17 642 1
2 643 1
15 644 1
22 644 1
8 644 1
2 644 1
25 645 1
14 645 1
18 645 1
15 645 1
20 645 1
1 645 1
5 645 1
12 645 1
8 645 1
6 645 1
2 645 1
26 645 1
11 645 1
38 646 1
8 646 1
6 646 1
21 647 1
25 648 1
20 648 1
12 648 1
11 648 1
23 649 1
6 649 1
23 650 1
3 650 1
11 651 1
14 652 1
1 652 1
6 652 1
2 652 1
11 652 1
30 653 1
23 653 1
9 653 1
24 653 1
4 653 1
28 653 1
35 653 1
45 653 1
44 653 1
25 653 1
37 653 1
21 653 1
36 653 1
13 653 1
10 653 1
46 653 1
47 653 1
14 653 1
29 653 1
31 653 1
18 653 1
7 653 1
39 653 1
15 653 1
20 653 1
22 653 1
1 653 1
40 653 1
32 653 1
5 653 1
19 653 1
41 653 1
12 653 1
34 653 1
8 653 1
33 653 1
17 653 1
16 653 1
42 653 1
6 653 1
27 653 1
2 653 1
26 653 1
11 653 1
22 654 1
1 655 1
12 655 1
14 656 1
1 656 1
12 656 1
6 656 1
11 656 1
2 657 1
38 658 1
13 658 1
10 658 1
14 658 1
1 658 1
5 658 1
12 658 1
8 658 1
26 658 1
11 658 1
5 659 1
7 660 1
5 660 1
16 660 1
14 661 1
8 661 1
10 662 1
11 663 1
9 664 1
23 665 1
20 665 1
19 665 1
27 665 1
2 665 1
20 666 1
8 666 1
2 667 1
1 668 1
12 668 1
2 668 1
22 669 1
11 669 1
23 670 1
9 670 1
0 670 1
24 670 1
35 670 1
31 670 1
18 670 1
5 670 1
19 670 1
12 670 1
8 670 1
27 670 1
3 670 1
9 671 1
19 671 1
3 671 1
24 672 1
14 672 1
15 672 1
12 672 1
34 672 1
6 672 1
11 672 1
3 672 1
11 673 1
0 674 1
0 675 1
38 676 1
1 676 1
8 676 1
24 677 1
4 677 1
7 677 1
5 677 1
19 677 1
17 677 1
11 677 1
3 677 1
24 678 1
23 679 1
0 679 1
3 679 1
9 680 1
25 681 1
1 681 1
12 681 1
2 681 1
3 681 1
10 682 1
22 682 1
8 682 1
2 682 1
9 683 1
0 683 1
19 683 1
12 683 1
27 683 1
3 683 1
28 684 1
17 684 1
24 685 1
1 686 1
12 686 1
11 686 1
21 687 1
20 687 1
0 688 1
2 688 1
11 688 1
23 689 1
19 689 1
24 690 1
8 691 1
26 691 1
23 692 1
9 692 1
28 692 1
10 692 1
7 692 1
19 692 1
33 692 1
6 692 1
2 692 1
23 693 1
9 693 1
0 693 1
21 693 1
18 693 1
22 693 1
19 693 1
17 693 1
16 693 1
27 693 1
2 693 1
3 693 1
2 694 1
23 695 1
25 695 1
18 695 1
1 696 1
11 697 1
22 698 1
25 699 1
1 699 1
12 699 1
8 699 1
20 700 1
14 701 1
12 701 1
0 702 1
4 702 1
25 702 1
10 702 1
14 702 1
7 702 1
5 702 1
16 702 1
6 702 1
11 702 1
6 703 1
36 704 1
22 704 1
0 705 1
1 706 1
12 707 1
11 707 1
28 708 1
21 708 1
22 708 1
28 709 1
21 709 1
23 710 1
5 710 1
23 711 1
25 711 1
9 712 1
0 712 1
25 713 1
1 713 1
12 713 1
1 714 1
12 714 1
11 715 1
3 716 1
25 717 1
18 717 1
7 717 1
15 717 1
1 717 1
5 717 1
16 717 1
6 717 1
2 717 1
11 717 1
31 718 1
19 719 1
9 720 1
25 720 1
13 720 1
14 720 1
18 720 1
7 720 1
1 720 1
5 720 1
19 720 1
12 720 1
17 720 1
16 720 1
6 720 1
27 720 1
2 720 1
3 721 1
4 722 1
25 722 1
13 722 1
14 722 1
31 722 1
12 722 1
6 722 1
11 722 1
3 722 1
11 723 1
23 724 1
19 724 1
12 725 1
11 726 1
9 727 1
9 728 1
24 728 1
4 728 1
21 728 1
10 728 1
18 728 1
20 728 1
22 728 1
5 728 1
17 728 1
16 728 1
2 728 1
4 729 1
44 730 1
22 731 1
9 732 1
24 732 1
35 732 1
10 732 1
18 732 1
7 732 1
22 732 1
5 732 1
19 732 1
17 732 1
16 732 1
2 732 1
2 733 1
2 734 1
25 735 1
5 735 1
10 736 1
20 736 1
1 737 1
17 737 1
11 737 1
23 738 1
9 738 1
0 738 1
10 738 1
7 738 1
22 738 1
2 738 1
9 739 1
0 739 1
18 739 1
20 739 1
19 739 1
2 739 1
22 740 1
41 740 1
23 741 1
9 741 1
4 741 1
28 741 1
21 741 1
10 741 1
18 741 1
20 741 1
22 741 1
19 741 1
34 741 1
33 741 1
17 741 1
42 741 1
27 741 1
2 741 1
25 742 1
14 742 1
2 742 1
11 742 1
10 743 1
24 744 1
11 744 1
0 745 1
10 745 1
20 745 1
33 745 1
17 745 1
10 746 1
18 746 1
12 746 1
9 747 1
21 747 1
4 748 1
28 748 1
21 748 1
22 748 1
2 748 1
23 749 1
9 749 1
0 749 1
4 749 1
28 749 1
21 749 1
10 749 1
20 749 1
22 749 1
19 749 1
28 750 1
14 750 1
7 750 1
5 750 1
17 750 1
1 751 1
9 752 1
0 752 1
28 752 1
18 752 1
7 752 1
14 753 1
1 753 1
5 753 1
16 753 1
6 753 1
11 753 1
30 754 1
7 755 1
3 756 1
23 757 1
9 757 1
0 757 1
24 757 1
28 757 1
21 757 1
18 757 1
7 757 1
20 757 1
22 757 1
1 757 1
5 757 1
19 757 1
34 757 1
17 757 1
16 757 1
27 757 1
2 757 1
11 757 1
9 758 1
28 758 1
22 758 1
27 758 1
2 758 1
11 759 1
9 760 1
24 760 1
4 760 1
28 760 1
35 760 1
36 760 1
10 760 1
14 760 1
29 760 1
31 760 1
18 760 1
7 760 1
39 760 1
20 760 1
22 760 1
5 760 1
19 760 1
12 760 1
8 760 1
17 760 1
16 760 1
6 760 1
2 760 1
26 760 1
11 760 1
10 761 1
23 762 1
4 762 1
28 762 1
37 762 1
10 762 1
18 762 1
19 762 1
16 762 1
27 762 1
2 762 1
3 762 1
0 763 1
21 763 1
14 763 1
20 763 1
22 763 1
11 763 1
14 764 1
14 765 1
8 765 1
26 765 1
10 766 1
16 767 1
2 767 1
38 768 1
9 768 1
4 768 1
10 768 1
14 768 1
31 768 1
7 768 1
22 768 1
1 768 1
8 768 1
33 768 1
16 768 1
6 768 1
26 768 1
11 768 1
21 769 1
14 769 1
19 769 1
25 770 1
27 771 1
2 771 1
12 772 1
3 773 1
14 774 1
1 774 1
11 774 1
10 775 1
2 775 1
11 775 1
14 776 1
1 776 1
0 777 1
31 778 1
20 778 1
1 778 1
5 778 1
6 778 1
11 778 1
14 779 1
1 779 1
8 779 1
26 779 1
11 780 1
0 781 1
24 781 1
18 781 1
7 781 1
20 781 1
5 781 1
19 781 1
17 781 1
16 781 1
2 781 1
23 782 1
10 782 1
5 782 1
2 782 1
22 783 1
11 783 1
4 784 1
14 784 1
20 784 1
12 784 1
8 784 1
6 784 1
26 784 1
11 784 1
25 785 1
10 785 1
1 785 1
12 785 1
8 785 1
2 785 1
23 786 1
25 786 1
20 786 1
14 787 1
9 788 1
22 788 1
2 789 1
28 790 1
11 791 1
25 792 1
14 792 1
1 792 1
12 792 1
11 792 1
14 793 1
14 794 1
7 794 1
5 794 1
12 794 1
6 794 1
11 794 1
10 795 1
22 795 1
2 795 1
1 796 1
12 796 1
23 797 1
9 797 1
21 797 1
10 797 1
7 797 1
20 797 1
19 797 1
12 797 1
42 797 1
27 797 1
9 798 1
24 798 1
4 798 1
20 798 1
5 798 1
17 798 1
16 798 1
2 798 1
12 799 1
8 800 1
12 801 1
30 802 1
23 802 1
9 802 1
24 802 1
4 802 1
28 802 1
35 802 1
36 802 1
10 802 1
18 802 1
7 802 1
39 802 1
20 802 1
22 802 1
32 802 1
5 802 1
19 802 1
41 802 1
34 802 1
8 802 1
33 802 1
17 802 1
16 802 1
27 802 1
2 802 1
26 802 1
23 803 1
9 803 1
0 803 1
28 803 1
21 803 1
36 803 1
18 803 1
20 803 1
22 803 1
5 803 1
19 803 1
34 803 1
8 803 1
16 803 1
2 803 1
11 803 1
9 804 1
10 804 1
14 805 1
22 805 1
21 806 1
21 807 1
22 807 1
4 808 1
1 809 1
22 810 1
5 810 1
19 810 1
11 810 1
22 811 1
12 812 1
12 813 1
40 814 1
5 814 1
12 815 1
24 816 1
25 816 1
13 816 1
14 816 1
31 816 1
18 816 1
22 816 1
1 816 1
5 816 1
12 816 1
2 816 1
11 816 1
3 816 1
9 817 1
28 817 1
20 817 1
19 817 1
41 817 1
9 818 1
24 818 1
21 818 1
20 818 1
19 818 1
33 818 1
9 819 1
24 819 1
21 819 1
18 819 1
20 819 1
22 819 1
27 819 1
11 819 1
14 820 1
1 820 1
11 820 1
14 821 1
1 821 1
23 822 1
0 822 1
21 822 1
36 822 1
10 822 1
18 822 1
22 822 1
12 822 1
16 822 1
42 822 1
27 822 1
2 822 1
23 823 1
9 823 1
21 823 1
36 823 1
10 823 1
39 823 1
20 823 1
22 823 1
19 823 1
41 823 1
8 823 1
42 823 1
11 823 1
23 824 1
1 824 1
13 825 1
8 825 1
4 826 1
13 826 1
14 826 1
20 826 1
8 826 1
6 826 1
26 826 1
11 826 1
10 827 1
12 828 1
6 828 1
14 829 1
15 829 1
6 829 1
30 830 1
9 830 1
35 830 1
45 830 1
46 830 1
47 830 1
18 830 1
20 830 1
40 830 1
5 831 1
17 831 1
11 831 1
23 832 1
9 832 1
10 832 1
18 832 1
20 832 1
22 832 1
5 832 1
19 832 1
6 832 1
27 832 1
2 832 1
14 833 1
14 834 1
31 834 1
6 834 1
11 834 1
3 834 1
21 835 1
14 835 1
23 836 1
2 837 1
14 838 1
14 839 1
33 839 1
11 839 1
3 840 1
28 841 1
3 842 1
25 843 1
12 844 1
27 844 1
2 844 1
1 845 1
11 845 1
25 846 1
3 847 1
0 848 1
25 849 1
27 849 1
11 849 1
3 849 1
28 850 1
22 851 1
12 851 1
24 852 1
12 853 1
22 854 1
8 854 1
26 854 1
22 855 1
27 855 1
25 856 1
1 856 1
12 856 1
25 857 1
1 857 1
5 857 1
27 857 1
3 857 1
14 858 1
12 859 1
25 860 1
22 861 1
23 862 1
9 862 1
10 862 1
5 862 1
19 862 1
17 862 1
16 862 1
11 862 1
10 863 1
14 863 1
22 863 1
33 864 1
9 865 1
9 866 1
24 866 1
4 866 1
21 866 1
10 866 1
18 866 1
7 866 1
20 866 1
22 866 1
5 866 1
2 866 1
12 867 1
23 868 1
24 868 1
14 868 1
31 868 1
18 868 1
20 868 1
22 868 1
1 868 1
5 868 1
19 868 1
6 868 1
26 868 1
11 868 1
23 869 1
0 869 1
24 869 1
28 869 1
21 869 1
10 869 1
18 869 1
22 869 1
16 869 1
2 869 1
10 870 1
5 871 1
6 871 1
11 871 1
10 872 1
22 872 1
12 873 1
9 874 1
21 874 1
22 874 1
23 875 1
9 875 1
4 875 1
20 875 1
5 875 1
11 875 1
21 876 1
9 877 1
4 877 1
21 877 1
22 877 1
23 878 1
20 878 1
22 878 1
2 879 1
8 880 1
23 881 1
14 881 1
6 881 1
11 881 1
20 882 1
4 883 1
14 883 1
6 883 1
10 884 1
2 884 1
23 885 1
43 885 1
9 885 1
4 885 1
28 885 1
35 885 1
21 885 1
10 885 1
18 885 1
7 885 1
20 885 1
22 885 1
5 885 1
19 885 1
41 885 1
33 885 1
17 885 1
16 885 1
2 885 1
11 885 1
20 886 1
23 887 1
43 887 1
24 887 1
28 887 1
18 887 1
7 887 1
20 887 1
5 887 1
17 887 1
16 887 1
27 887 1
2 887 1
41 888 1
1 889 1
23 890 1
9 890 1
28 890 1
18 890 1
20 890 1
19 890 1
27 890 1
2 890 1
12 891 1
23 892 1
24 892 1
28 892 1
21 892 1
18 892 1
20 892 1
22 892 1
17 892 1
6 892 1
27 892 1
2 892 1
9 893 1
24 893 1
21 894 1
20 894 1
24 895 1
10 895 1
14 895 1
31 895 1
7 895 1
22 895 1
5 895 1
33 895 1
17 895 1
6 895 1
24 896 1
28 896 1
18 896 1
22 896 1
5 896 1
17 896 1
2 896 1
25 897 1
21 897 1
13 897 1
14 897 1
7 897 1
20 897 1
22 897 1
5 897 1
12 897 1
17 897 1
16 897 1
2 897 1
6 898 1
2 898 1
20 899 1
24 900 1
24 901 1
18 901 1
7 901 1
5 901 1
8 901 1
17 901 1
16 901 1
6 901 1
2 901 1
26 901 1
11 901 1
19 902 1
22 903 1
21 904 1
20 905 1
20 906 1
21 907 1
9 908 1
28 908 1
29 908 1
22 908 1
41 908 1
34 908 1
33 908 1
2 908 1
24 909 1
5 909 1
17 909 1
16 909 1
11 909 1
14 910 1
13 911 1
20 912 1
24 913 1
14 913 1
15 913 1
1 913 1
8 913 1
6 913 1
26 913 1
11 913 1
23 914 1
24 914 1
4 914 1
10 914 1
18 914 1
22 914 1
5 914 1
2 914 1
24 915 1
11 916 1
24 917 1
17 917 1
16 917 1
22 918 1
22 919 1
10 920 1
23 921 1
24 921 1
4 921 1
17 921 1
4 922 1
45 923 1
1 924 1
14 925 1
1 925 1
12 925 1
24 926 1
14 926 1
5 926 1
17 926 1
11 926 1
8 927 1
23 928 1
19 928 1
24 929 1
20 929 1
12 930 1
0 931 1
24 932 1
44 932 1
25 932 1
2 933 1
1 934 1
11 934 1
10 935 1
18 935 1
19 935 1
33 935 1
16 935 1
2 935 1
20 936 1
22 936 1
20 937 1
22 938 1
12 938 1
14 939 1
2 940 1
17 941 1
22 942 1
23 943 1
0 944 1
12 945 1
25 946 1
2 946 1
1 947 1
5 948 1
20 949 1
9 950 1
25 950 1
12 950 1
6 950 1
2 950 1
11 950 1
24 951 1
13 951 1
1 951 1
11 951 1
12 952 1
21 953 1
20 953 1
8 953 1
17 953 1
16 953 1
23 954 1
9 954 1
10 954 1
18 954 1
20 954 1
22 954 1
41 954 1
41 955 1
20 956 1
23 957 1
9 957 1
20 957 1
22 957 1
19 957 1
27 957 1
2 958 1
18 959 1
22 959 1
9 960 1
20 960 1
41 960 1
38 961 1
23 961 1
43 961 1
9 961 1
24 961 1
4 961 1
35 961 1
25 961 1
36 961 1
13 961 1
46 961 1
47 961 1
14 961 1
31 961 1
18 961 1
15 961 1
20 961 1
22 961 1
1 961 1
40 961 1
5 961 1
19 961 1
8 961 1
33 961 1
17 961 1
16 961 1
6 961 1
27 961 1
2 961 1
26 961 1
11 961 1
0 962 1
6 963 1
9 964 1
4 964 1
10 964 1
14 964 1
18 964 1
7 964 1
5 964 1
19 964 1
17 964 1
16 964 1
2 964 1
22 965 1
33 965 1
30 966 1
23 966 1
9 966 1
24 966 1
4 966 1
35 966 1
21 966 1
36 966 1
47 966 1
18 966 1
1 966 1
5 966 1
19 966 1
12 966 1
8 966 1
33 966 1
17 966 1
16 966 1
6 966 1
11 966 1
25 967 1
18 967 1
20 967 1
12 967 1
24 968 1
4 969 1
28 969 1
21 969 1
18 969 1
20 969 1
22 969 1
19 969 1
27 969 1
2 969 1
11 969 1
3 969 1
23 970 1
9 970 1
7 970 1
20 970 1
17 970 1
14 971 1
22 971 1
1 971 1
8 971 1
26 971 1
9 972 1
14 972 1
18 972 1
22 972 1
5 972 1
19 972 1
11 972 1
10 973 1
1 974 1
11 974 1
23 975 1
9 975 1
0 975 1
4 975 1
28 975 1
25 975 1
21 975 1
18 975 1
20 975 1
22 975 1
19 975 1
17 975 1
16 975 1
27 975 1
2 975 1
3 975 1
21 976 1
23 977 1
9 977 1
21 977 1
19 977 1
23 978 1
21 978 1
18 978 1
7 978 1
22 978 1
5 978 1
19 978 1
17 978 1
27 978 1
2 978 1
9 979 1
20 979 1
22 979 1
9 980 1
7 980 1
17 980 1
2 980 1
24 981 1
25 981 1
2 981 1
20 982 1
2 983 1
1 984 1
2 984 1
7 985 1
0 986 1
23 987 1
28 987 1
21 987 1
19 987 1
9 988 1
4 988 1
10 988 1
18 988 1
20 988 1
5 988 1
17 988 1
16 988 1
6 988 1
2 988 1
11 988 1
21 989 1
18 989 1
7 989 1
21 990 1
25 991 1
9 992 1
30 993 1
23 993 1
9 993 1
4 993 1
28 993 1
35 993 1
25 993 1
21 993 1
36 993 1
10 993 1
14 993 1
29 993 1
18 993 1
7 993 1
39 993 1
20 993 1
22 993 1
32 993 1
5 993 1
19 993 1
41 993 1
33 993 1
17 993 1
16 993 1
6 993 1
27 993 1
2 993 1
11 993 1
9 994 1
25 994 1
21 994 1
18 994 1
20 994 1
22 994 1
12 994 1
16 994 1
2 994 1
20 995 1
20 996 1
15 997 1
22 997 1
6 997 1
28 998 1
11 999 1
23 1000 1
4 1000 1
21 1000 1
5 1000 1
17 1000 1
2 1000 1
10 1001 1
41 1002 1
21 1003 1
20 1003 1
6 1004 1
8 1005 1
7 1006 1
22 1006 1
27 1006 1
9 1007 1
37 1007 1
14 1007 1
22 1007 1
6 1007 1
11 1007 1
10 1008 1
23 1009 1
19 1009 1
24 1010 1
25 1010 1
7 1010 1
15 1010 1
12 1010 1
17 1010 1
16 1010 1
0 1011 1
23 1012 1
24 1012 1
14 1012 1
18 1012 1
1 1012 1
5 1012 1
17 1012 1
16 1012 1
6 1012 1
27 1012 1
2 1012 1
11 1012 1
27 1013 1
11 1013 1
23 1014 1
24 1014 1
4 1014 1
21 1014 1
18 1014 1
7 1014 1
20 1014 1
1 1014 1
5 1014 1
12 1014 1
17 1014 1
6 1014 1
2 1014 1
11 1014 1
8 1015 1
2 1016 1
8 1017 1
7 1018 1
5 1018 1
8 1018 1
6 1018 1
11 1018 1
9 1019 1
24 1019 1
4 1019 1
10 1019 1
18 1019 1
7 1019 1
5 1019 1
8 1019 1
17 1019 1
16 1019 1
2 1019 1
26 1019 1
11 1019 1
22 1020 1
14 1021 1
20 1022 1
6 1022 1
4 1023 1
6 1024 1
14 1025 1
3 1026 1
19 1027 1
1 1028 1
24 1029 1
28 1030 1
19 1030 1
3 1030 1
25 1031 1
1 1031 1
9 1032 1
21 1032 1
10 1032 1
14 1032 1
20 1032 1
19 1032 1
41 1032 1
22 1033 1
20 1034 1
23 1035 1
9 1035 1
24 1035 1
4 1035 1
44 1035 1
25 1035 1
37 1035 1
36 1035 1
13 1035 1
10 1035 1
14 1035 1
31 1035 1
15 1035 1
22 1035 1
1 1035 1
5 1035 1
19 1035 1
12 1035 1
17 1035 1
16 1035 1
6 1035 1
2 1035 1
11 1035 1
0 1036 1
34 1036 1
5 1037 1
14 1038 1
0 1039 1
7 1039 1
22 1040 1
18 1041 1
7 1042 1
9 1043 1
10 1043 1
11 1044 1
14 1045 1
12 1045 1
0 1046 1
24 1046 1
4 1046 1
28 1046 1
35 1046 1
37 1046 1
21 1046 1
29 1046 1
18 1046 1
20 1046 1
22 1046 1
5 1046 1
19 1046 1
41 1046 1
12 1046 1
17 1046 1
42 1046 1
27 1046 1
2 1046 1
11 1046 1
3 1046 1
0 1047 1
18 1047 1
2 1047 1
24 1048 1
11 1048 1
0 1049 1
21 1049 1
20 1049 1
22 1049 1
2 1049 1
22 1050 1
4 1051 1
10 1051 1
20 1051 1
22 1051 1
33 1051 1
11 1051 1
23 1052 1
19 1052 1
22 1053 1
10 1054 1
2 1054 1
10 1055 1
7 1055 1
32 1055 1
5 1055 1
17 1055 1
2 1055 1
11 1055 1
2 1056 1
22 1057 1
11 1058 1
12 1059 1
11 1059 1
14 1060 1
1 1060 1
12 1060 1
6 1060 1
11 1060 1
4 1061 1
28 1061 1
21 1061 1
20 1061 1
5 1061 1
23 1062 1
9 1062 1
44 1062 1
31 1062 1
5 1062 1
19 1062 1
27 1062 1
11 1062 1
3 1062 1
37 1063 1
6 1063 1
14 1064 1
22 1064 1
10 1065 1
1 1065 1
5 1065 1
12 1065 1
6 1065 1
11 1065 1
11 1066 1
23 1067 1
21 1067 1
28 1068 1
18 1068 1
20 1068 1
22 1068 1
32 1068 1
19 1068 1
27 1068 1
9 1069 1
24 1069 1
25 1069 1
10 1069 1
31 1069 1
18 1069 1
20 1069 1
5 1069 1
12 1069 1
33 1069 1
16 1069 1
2 1069 1
11 1069 1
20 1070 1
23 1071 1
9 1071 1
24 1071 1
4 1071 1
28 1071 1
25 1071 1
21 1071 1
10 1071 1
14 1071 1
18 1071 1
20 1071 1
17 1071 1
16 1071 1
2 1071 1
20 1072 1
1 1072 1
8 1072 1
26 1072 1
21 1073 1
20 1073 1
11 1074 1
7 1075 1
19 1075 1
0 1076 1
22 1076 1
21 1077 1
25 1078 1
24 1079 1
17 1079 1
3 1079 1
3 1080 1
7 1081 1
19 1081 1
44 1082 1
0 1083 1
20 1083 1
14 1084 1
12 1084 1
9 1085 1
3 1085 1
22 1086 1
1 1087 1
11 1087 1
14 1088 1
1 1088 1
11 1088 1
12 1089 1
22 1090 1
25 1091 1
9 1092 1
24 1093 1
4 1093 1
25 1093 1
13 1093 1
14 1093 1
18 1093 1
7 1093 1
1 1093 1
5 1093 1
12 1093 1
17 1093 1
16 1093 1
27 1093 1
2 1093 1
11 1093 1
23 1094 1
22 1095 1
23 1096 1
25 1097 1
19 1097 1
28 1098 1
2 1099 1
0 1100 1
4 1101 1
21 1101 1
20 1101 1
22 1101 1
41 1101 1
11 1102 1
25 1103 1
14 1104 1
31 1104 1
20 1104 1
1 1104 1
12 1104 1
6 1104 1
11 1104 1
9 1105 1
20 1105 1
1 1105 1
5 1105 1
11 1105 1
22 1106 1
22 1107 1
14 1108 1
33 1108 1
23 1109 1
9 1109 1
25 1109 1
14 1109 1
19 1109 1
6 1109 1
27 1109 1
11 1109 1
8 1110 1
2 1110 1
26 1110 1
25 1111 1
11 1111 1
23 1112 1
18 1112 1
7 1112 1
5 1112 1
27 1112 1
2 1112 1
11 1112 1
5 1113 1
10 1114 1
9 1115 1
14 1115 1
8 1115 1
26 1115 1
11 1115 1
11 1116 1
23 1117 1
9 1117 1
24 1117 1
4 1117 1
28 1117 1
35 1117 1
25 1117 1
36 1117 1
10 1117 1
14 1117 1
31 1117 1
18 1117 1
7 1117 1
39 1117 1
15 1117 1
20 1117 1
22 1117 1
1 1117 1
40 1117 1
32 1117 1
5 1117 1
19 1117 1
41 1117 1
12 1117 1
33 1117 1
17 1117 1
16 1117 1
42 1117 1
6 1117 1
27 1117 1
2 1117 1
11 1117 1
3 1118 1
14 1119 1
2 1119 1
3 1120 1
12 1121 1
24 1122 1
31 1123 1
1 1123 1
10 1124 1
9 1125 1
0 1125 1
18 1125 1
5 1125 1
12 1125 1
17 1125 1
16 1125 1
27 1125 1
2 1125 1
11 1125 1
11 1126 1
14 1127 1
31 1127 1
20 1127 1
12 1127 1
8 1127 1
26 1127 1
20 1128 1
0 1129 1
18 1129 1
7 1129 1
8 1129 1
17 1129 1
16 1129 1
27 1129 1
2 1129 1
21 1130 1
20 1130 1
22 1130 1
23 1131 1
0 1131 1
2 1131 1
14 1132 1
25 1133 1
20 1133 1
22 1133 1
1 1133 1
12 1133 1
22 1134 1
11 1135 1
28 1136 1
20 1137 1
22 1137 1
28 1138 1
27 1138 1
4 1139 1
0 1140 1
20 1140 1
2 1140 1
11 1141 1
11 1142 1
21 1143 1
12 1144 1
9 1145 1
20 1145 1
22 1145 1
5 1145 1
27 1145 1
29 1146 1
20 1146 1
12 1147 1
12 1148 1
2 1149 1
25 1150 1
36 1150 1
12 1150 1
25 1151 1
2 1151 1
14 1152 1
8 1153 1
26 1153 1
24 1154 1
25 1154 1
13 1154 1
14 1154 1
31 1154 1
18 1154 1
7 1154 1
1 1154 1
5 1154 1
12 1154 1
17 1154 1
16 1154 1
6 1154 1
2 1154 1
11 1154 1
12 1155 1
7 1156 1
14 1157 1
29 1158 1
11 1159 1
0 1160 1
4 1160 1
28 1160 1
14 1160 1
18 1160 1
22 1160 1
5 1160 1
6 1160 1
2 1160 1
11 1160 1
22 1161 1
23 1162 1
9 1162 1
24 1162 1
25 1162 1
10 1162 1
29 1162 1
18 1162 1
7 1162 1
20 1162 1
22 1162 1
1 1162 1
5 1162 1
19 1162 1
12 1162 1
17 1162 1
16 1162 1
27 1162 1
2 1162 1
11 1162 1
22 1163 1
21 1164 1
22 1165 1
14 1166 1
20 1166 1
11 1167 1
14 1168 1
1 1168 1
12 1168 1
6 1168 1
11 1168 1
14 1169 1
1 1169 1
25 1170 1
36 1170 1
13 1170 1
14 1170 1
31 1170 1
22 1170 1
1 1170 1
12 1170 1
8 1170 1
6 1170 1
2 1170 1
26 1170 1
11 1170 1
9 1171 1
24 1171 1
22 1171 1
17 1171 1
16 1171 1
30 1172 1
35 1172 1
46 1172 1
47 1172 1
40 1172 1
5 1173 1
11 1173 1
14 1174 1
11 1174 1
28 1175 1
23 1176 1
19 1176 1
3 1176 1
13 1177 1
1 1177 1
3 1177 1
1 1178 1
5 1179 1
11 1179 1
17 1180 1
14 1181 1
11 1181 1
30 1182 1
44 1182 1
25 1182 1
12 1182 1
6 1182 1
11 1182 1
1 1183 1
12 1183 1
19 1184 1
16 1184 1
2 1184 1
11 1184 1
3 1184 1
22 1185 1
2 1185 1
10 1186 1
14 1186 1
22 1186 1
8 1186 1
20 1187 1
20 1188 1
22 1188 1
20 1189 1
0 1190 1
25 1190 1
20 1190 1
2 1190 1
11 1190 1
23 1191 1
9 1191 1
24 1191 1
4 1191 1
28 1191 1
25 1191 1
37 1191 1
21 1191 1
18 1191 1
20 1191 1
22 1191 1
5 1191 1
19 1191 1
12 1191 1
17 1191 1
16 1191 1
27 1191 1
2 1191 1
11 1191 1
23 1192 1
22 1192 1
3 1192 1
25 1193 1
9 1194 1
24 1194 1
25 1194 1
18 1194 1
5 1194 1
19 1194 1
12 1194 1
17 1194 1
16 1194 1
2 1194 1
3 1194 1
24 1195 1
14 1195 1
31 1195 1
12 1195 1
6 1195 1
11 1195 1
20 1196 1
13 1197 1
14 1197 1
5 1197 1
11 1197 1
11 1198 1
27 1199 1
2 1199 1
8 1200 1
21 1201 1
9 1202 1
21 1202 1
20 1202 1
9 1203 1
5 1204 1
17 1204 1
16 1204 1
2 1204 1
11 1204 1
36 1205 1
24 1206 1
5 1206 1
27 1207 1
2 1208 1
25 1209 1
7 1209 1
1 1209 1
6 1209 1
11 1209 1
20 1210 1
0 1211 1
2 1211 1
3 1211 1
20 1212 1
3 1213 1
6 1214 1
14 1215 1
9 1216 1
24 1216 1
4 1216 1
10 1216 1
14 1216 1
18 1216 1
20 1216 1
22 1216 1
5 1216 1
33 1216 1
17 1216 1
2 1216 1
4 1217 1
11 1218 1
0 1219 1
14 1220 1
1 1220 1
12 1220 1
1 1221 1
38 1222 1
28 1222 1
1 1223 1
6 1223 1
11 1223 1
31 1224 1
28 1225 1
14 1225 1
29 1225 1
18 1225 1
7 1225 1
22 1225 1
51 1225 1
33 1225 1
2 1225 1
14 1226 1
12 1226 1
6 1226 1
11 1226 1
9 1227 1
24 1227 1
18 1227 1
1 1227 1
5 1227 1
16 1227 1
2 1227 1
11 1227 1
25 1228 1
1 1228 1
12 1228 1
28 1229 1
0 1230 1
20 1230 1
30 1231 1
20 1231 1
22 1231 1
28 1232 1
12 1232 1
8 1232 1
0 1233 1
2 1234 1
21 1235 1
20 1235 1
22 1235 1
25 1236 1
0 1237 1
28 1237 1
19 1237 1
20 1238 1
2 1239 1
20 1240 1
21 1241 1
10 1242 1
8 1242 1
11 1242 1
24 1243 1
13 1243 1
18 1243 1
1 1243 1
5 1243 1
12 1243 1
17 1243 1
16 1243 1
6 1243 1
2 1243 1
11 1243 1
44 1244 1
12 1244 1
11 1244 1
3 1244 1
17 1245 1
0 1246 1
11 1247 1
20 1248 1
8 1249 1
23 1250 1
9 1250 1
24 1250 1
4 1250 1
28 1250 1
45 1250 1
25 1250 1
36 1250 1
10 1250 1
14 1250 1
29 1250 1
31 1250 1
18 1250 1
7 1250 1
20 1250 1
22 1250 1
1 1250 1
32 1250 1
5 1250 1
19 1250 1
12 1250 1
34 1250 1
8 1250 1
33 1250 1
17 1250 1
16 1250 1
6 1250 1
27 1250 1
2 1250 1
11 1250 1
20 1251 1
22 1251 1
24 1252 1
6 1252 1
11 1252 1
1 1253 1
9 1254 1
23 1255 1
0 1255 1
24 1255 1
4 1255 1
21 1255 1
13 1255 1
10 1255 1
14 1255 1
31 1255 1
7 1255 1
20 1255 1
1 1255 1
5 1255 1
19 1255 1
8 1255 1
17 1255 1
16 1255 1
6 1255 1
27 1255 1
26 1255 1
11 1255 1
24 1256 1
25 1256 1
22 1256 1
1 1256 1
17 1256 1
6 1256 1
11 1256 1
3 1256 1
0 1257 1
30 1258 1
29 1258 1
20 1258 1
22 1258 1
9 1259 1
4 1259 1
28 1259 1
35 1259 1
45 1259 1
21 1259 1
13 1259 1
46 1259 1
29 1259 1
20 1259 1
22 1259 1
40 1259 1
5 1259 1
19 1259 1
41 1259 1
34 1259 1
8 1259 1
33 1259 1
42 1259 1
2 1259 1
26 1259 1
11 1259 1
22 1260 1
7 1261 1
28 1262 1
21 1262 1
7 1262 1
20 1262 1
12 1262 1
17 1262 1
28 1263 1
11 1263 1
3 1263 1
20 1264 1
22 1264 1
1 1265 1
14 1266 1
1 1266 1
12 1266 1
20 1267 1
13 1268 1
14 1268 1
1 1268 1
12 1268 1
6 1268 1
11 1268 1
14 1269 1
0 1270 1
18 1270 1
12 1270 1
17 1270 1
16 1270 1
2 1270 1
11 1270 1
24 1271 1
18 1271 1
7 1271 1
1 1271 1
17 1271 1
16 1271 1
6 1271 1
2 1271 1
11 1272 1
9 1273 1
21 1273 1
30 1274 1
28 1274 1
21 1274 1
10 1274 1
18 1274 1
20 1274 1
22 1274 1
19 1274 1
42 1274 1
27 1274 1
2 1274 1
38 1275 1
14 1275 1
31 1275 1
18 1275 1
20 1275 1
1 1275 1
5 1275 1
12 1275 1
8 1275 1
16 1275 1
6 1275 1
2 1275 1
26 1275 1
4 1276 1
30 1277 1
14 1277 1
29 1277 1
20 1277 1
22 1277 1
9 1278 1
28 1278 1
20 1278 1
42 1278 1
12 1279 1
9 1280 1
24 1280 1
25 1280 1
13 1280 1
14 1280 1
19 1280 1
12 1280 1
6 1280 1
11 1280 1
20 1281 1
10 1282 1
14 1282 1
18 1282 1
20 1282 1
1 1282 1
5 1282 1
8 1282 1
16 1282 1
6 1282 1
2 1282 1
26 1282 1
7 1283 1
27 1283 1
20 1284 1
17 1284 1
6 1285 1
11 1285 1
20 1286 1
1 1287 1
1 1288 1
9 1289 1
20 1289 1
2 1289 1
20 1290 1
1 1290 1
12 1291 1
22 1292 1
38 1293 1
23 1293 1
9 1293 1
20 1293 1
22 1293 1
8 1293 1
11 1293 1
20 1294 1
22 1294 1
0 1295 1
21 1295 1
20 1295 1
33 1296 1
24 1297 1
13 1297 1
10 1297 1
20 1297 1
1 1297 1
12 1297 1
8 1297 1
26 1297 1
11 1297 1
23 1298 1
42 1298 1
14 1299 1
31 1299 1
9 1300 1
4 1300 1
28 1300 1
21 1300 1
18 1300 1
20 1300 1
22 1300 1
30 1301 1
29 1301 1
22 1301 1
4 1302 1
1 1302 1
12 1302 1
11 1302 1
28 1303 1
20 1303 1
4 1304 1
25 1304 1
14 1304 1
1 1304 1
12 1304 1
8 1304 1
26 1304 1
11 1304 1
9 1305 1
24 1305 1
4 1305 1
28 1305 1
10 1305 1
18 1305 1
7 1305 1
20 1305 1
5 1305 1
17 1305 1
16 1305 1
6 1305 1
2 1305 1
9 1306 1
0 1306 1
28 1306 1
20 1306 1
16 1306 1
42 1306 1
18 1307 1
2 1307 1
9 1308 1
24 1308 1
36 1308 1
10 1308 1
14 1308 1
18 1308 1
7 1308 1
1 1308 1
5 1308 1
8 1308 1
17 1308 1
16 1308 1
6 1308 1
27 1308 1
2 1308 1
11 1308 1
23 1309 1
9 1309 1
10 1309 1
19 1309 1
17 1309 1
27 1309 1
2 1309 1
30 1310 1
4 1310 1
20 1310 1
27 1310 1
20 1311 1
9 1312 1
24 1312 1
4 1312 1
10 1312 1
18 1312 1
8 1312 1
17 1312 1
16 1312 1
2 1312 1
11 1312 1
9 1313 1
3 1313 1
24 1314 1
5 1314 1
11 1314 1
25 1315 1
1 1315 1
11 1315 1
25 1316 1
6 1316 1
0 1317 1
14 1318 1
1 1318 1
8 1318 1
26 1318 1
14 1319 1
15 1319 1
11 1319 1
23 1320 1
4 1320 1
25 1320 1
5 1320 1
20 1321 1
28 1322 1
20 1322 1
19 1322 1
9 1323 1
25 1324 1
24 1325 1
4 1325 1
10 1325 1
20 1325 1
16 1325 1
6 1325 1
2 1325 1
11 1325 1
38 1326 1
9 1326 1
24 1326 1
4 1326 1
28 1326 1
18 1326 1
7 1326 1
20 1326 1
22 1326 1
5 1326 1
19 1326 1
8 1326 1
17 1326 1
16 1326 1
27 1326 1
2 1326 1
26 1326 1
11 1326 1
14 1327 1
28 1328 1
9 1329 1
0 1329 1
18 1329 1
20 1329 1
5 1329 1
17 1329 1
2 1329 1
11 1330 1
24 1331 1
3 1331 1
4 1332 1
11 1332 1
4 1333 1
0 1334 1
23 1335 1
9 1335 1
24 1335 1
28 1335 1
18 1335 1
20 1335 1
5 1335 1
33 1335 1
17 1335 1
6 1335 1
2 1335 1
23 1336 1
37 1336 1
15 1336 1
1 1336 1
5 1336 1
12 1336 1
17 1336 1
6 1336 1
11 1336 1
3 1336 1
20 1337 1
11 1338 1
23 1339 1
43 1339 1
9 1339 1
24 1339 1
35 1339 1
36 1339 1
10 1339 1
29 1339 1
18 1339 1
7 1339 1
39 1339 1
22 1339 1
32 1339 1
5 1339 1
19 1339 1
8 1339 1
33 1339 1
17 1339 1
16 1339 1
6 1339 1
27 1339 1
2 1339 1
11 1339 1
22 1340 1
5 1340 1
3 1341 1
24 1342 1
4 1342 1
7 1342 1
22 1342 1
5 1342 1
12 1342 1
17 1342 1
2 1342 1
11 1342 1
3 1342 1
0 1343 1
23 1344 1
9 1344 1
27 1344 1
24 1345 1
4 1345 1
5 1345 1
12 1345 1
17 1345 1
6 1345 1
26 1345 1
11 1345 1
9 1346 1
24 1346 1
10 1346 1
18 1346 1
5 1346 1
19 1346 1
17 1346 1
16 1346 1
2 1346 1
24 1347 1
14 1347 1
1 1347 1
3 1347 1
13 1348 1
14 1348 1
1 1348 1
12 1348 1
6 1348 1
11 1348 1
20 1349 1
3 1349 1
22 1350 1
11 1350 1
4 1351 1
21 1351 1
31 1351 1
1 1351 1
12 1351 1
27 1351 1
11 1351 1
14 1352 1
24 1353 1
10 1353 1
18 1353 1
7 1353 1
22 1353 1
5 1353 1
12 1353 1
17 1353 1
2 1353 1
25 1354 1
14 1354 1
12 1354 1
0 1355 1
22 1356 1
20 1357 1
24 1358 1
14 1359 1
14 1360 1
15 1360 1
1 1360 1
11 1360 1
20 1361 1
19 1361 1
9 1362 1
24 1362 1
7 1362 1
20 1362 1
5 1362 1
17 1362 1
12 1363 1
5 1364 1
4 1365 1
24 1366 1
4 1366 1
25 1366 1
14 1366 1
18 1366 1
15 1366 1
22 1366 1
1 1366 1
5 1366 1
12 1366 1
17 1366 1
16 1366 1
2 1366 1
29 1367 1
11 1368 1
2 1369 1
22 1370 1
38 1371 1
24 1371 1
25 1371 1
13 1371 1
12 1371 1
8 1371 1
11 1371 1
3 1371 1
20 1372 1
19 1373 1
42 1373 1
3 1373 1
0 1374 1
28 1374 1
2 1374 1
0 1375 1
18 1375 1
12 1375 1
27 1375 1
2 1375 1
3 1375 1
2 1376 1
10 1377 1
11 1378 1
14 1379 1
12 1379 1
14 1380 1
1 1381 1
28 1382 1
9 1383 1
14 1383 1
16 1383 1
11 1383 1
3 1383 1
22 1384 1
12 1385 1
30 1386 1
20 1386 1
22 1386 1
23 1387 1
9 1387 1
24 1387 1
4 1387 1
28 1387 1
21 1387 1
36 1387 1
10 1387 1
14 1387 1
29 1387 1
18 1387 1
7 1387 1
15 1387 1
20 1387 1
22 1387 1
1 1387 1
5 1387 1
41 1387 1
8 1387 1
33 1387 1
17 1387 1
16 1387 1
6 1387 1
27 1387 1
2 1387 1
26 1387 1
11 1387 1
9 1388 1
24 1388 1
25 1388 1
20 1388 1
22 1388 1
5 1388 1
17 1388 1
16 1388 1
2 1388 1
1 1389 1
12 1389 1
2 1389 1
20 1390 1
10 1391 1
19 1391 1
24 1392 1
17 1392 1
11 1392 1
23 1393 1
9 1393 1
24 1393 1
25 1393 1
36 1393 1
10 1393 1
14 1393 1
18 1393 1
7 1393 1
20 1393 1
1 1393 1
5 1393 1
19 1393 1
17 1393 1
16 1393 1
2 1393 1
11 1393 1
38 1394 1
23 1394 1
9 1394 1
24 1394 1
4 1394 1
35 1394 1
25 1394 1
21 1394 1
36 1394 1
10 1394 1
14 1394 1
29 1394 1
31 1394 1
7 1394 1
39 1394 1
20 1394 1
22 1394 1
1 1394 1
40 1394 1
5 1394 1
19 1394 1
12 1394 1
8 1394 1
33 1394 1
17 1394 1
42 1394 1
6 1394 1
2 1394 1
26 1394 1
11 1394 1
14 1395 1
14 1396 1
11 1396 1
22 1397 1
0 1398 1
28 1398 1
39 1399 1
12 1400 1
14 1401 1
30 1402 1
9 1402 1
13 1402 1
46 1402 1
20 1402 1
1 1402 1
19 1402 1
41 1402 1
33 1402 1
2 1403 1
2 1404 1
3 1404 1
23 1405 1
43 1405 1
9 1405 1
24 1405 1
4 1405 1
28 1405 1
44 1405 1
25 1405 1
37 1405 1
21 1405 1
36 1405 1
13 1405 1
10 1405 1
14 1405 1
31 1405 1
18 1405 1
7 1405 1
20 1405 1
22 1405 1
1 1405 1
5 1405 1
19 1405 1
41 1405 1
12 1405 1
8 1405 1
17 1405 1
16 1405 1
6 1405 1
27 1405 1
2 1405 1
11 1405 1
20 1406 1
22 1406 1
25 1407 1
20 1407 1
1 1407 1
23 1408 1
18 1408 1
19 1408 1
12 1408 1
17 1408 1
2 1408 1
11 1408 1
3 1408 1
9 1409 1
4 1409 1
14 1409 1
1 1409 1
19 1409 1
1 1410 1
12 1410 1
11 1410 1
10 1411 1
14 1411 1
15 1411 1
1 1411 1
16 1411 1
2 1411 1
30 1412 1
16 1413 1
21 1414 1
20 1415 1
30 1416 1
23 1416 1
9 1416 1
0 1416 1
24 1416 1
4 1416 1
28 1416 1
44 1416 1
21 1416 1
36 1416 1
10 1416 1
18 1416 1
20 1416 1
22 1416 1
32 1416 1
5 1416 1
19 1416 1
17 1416 1
16 1416 1
42 1416 1
6 1416 1
27 1416 1
2 1416 1
11 1416 1
3 1416 1
10 1417 1
31 1417 1
22 1417 1
29 1418 1
23 1419 1
9 1419 1
24 1419 1
4 1419 1
28 1419 1
35 1419 1
21 1419 1
36 1419 1
31 1419 1
18 1419 1
7 1419 1
5 1419 1
12 1419 1
34 1419 1
17 1419 1
16 1419 1
27 1419 1
11 1419 1
9 1420 1
6 1420 1
11 1420 1
3 1420 1
30 1421 1
18 1421 1
20 1422 1
25 1423 1
1 1423 1
12 1423 1
11 1423 1
14 1424 1
0 1425 1
24 1425 1
18 1425 1
7 1425 1
8 1425 1
17 1425 1
27 1425 1
2 1425 1
11 1425 1
14 1426 1
1 1426 1
9 1427 1
25 1427 1
14 1427 1
18 1427 1
15 1427 1
20 1427 1
1 1427 1
5 1427 1
12 1427 1
8 1427 1
16 1427 1
2 1427 1
11 1427 1
25 1428 1
2 1428 1
22 1429 1
23 1430 1
18 1430 1
5 1430 1
17 1430 1
2 1430 1
22 1431 1
14 1432 1
24 1433 1
22 1433 1
1 1433 1
12 1433 1
8 1433 1
6 1433 1
2 1433 1
11 1433 1
2 1434 1
21 1435 1
14 1436 1
1 1436 1
22 1437 1
2 1438 1
18 1439 1
7 1439 1
22 1439 1
5 1439 1
16 1439 1
2 1439 1
28 1440 1
9 1441 1
24 1441 1
10 1441 1
14 1441 1
22 1441 1
1 1441 1
5 1441 1
12 1441 1
34 1441 1
8 1441 1
17 1441 1
16 1441 1
6 1441 1
2 1441 1
24 1442 1
25 1443 1
13 1443 1
18 1443 1
12 1443 1
6 1443 1
11 1443 1
23 1444 1
9 1444 1
0 1444 1
28 1444 1
3 1444 1
2 1445 1
5 1446 1
17 1446 1
2 1446 1
11 1446 1
21 1447 1
20 1447 1
22 1447 1
1 1447 1
23 1448 1
9 1448 1
0 1448 1
18 1448 1
19 1448 1
2 1448 1
6 1449 1
14 1450 1
24 1451 1
4 1451 1
18 1451 1
5 1451 1
16 1451 1
2 1451 1
24 1452 1
25 1452 1
18 1452 1
7 1452 1
5 1452 1
16 1452 1
2 1452 1
22 1453 1
5 1453 1
11 1453 1
10 1454 1
2 1454 1
9 1455 1
21 1455 1
22 1455 1
9 1456 1
22 1457 1
21 1458 1
20 1458 1
22 1458 1
17 1458 1
16 1458 1
2 1458 1
11 1458 1
25 1459 1
25 1460 1
13 1460 1
14 1460 1
18 1460 1
1 1460 1
5 1460 1
12 1460 1
16 1460 1
6 1460 1
11 1460 1
28 1461 1
21 1461 1
2 1461 1
14 1462 1
6 1463 1
11 1463 1
38 1464 1
23 1464 1
24 1464 1
4 1464 1
18 1464 1
7 1464 1
22 1464 1
8 1464 1
6 1464 1
2 1464 1
26 1464 1
11 1464 1
11 1465 1
4 1466 1
36 1466 1
18 1466 1
22 1466 1
8 1466 1
17 1466 1
16 1466 1
2 1466 1
14 1467 1
12 1467 1
9 1468 1
21 1468 1
18 1468 1
19 1468 1
9 1469 1
0 1469 1
36 1470 1
10 1470 1
5 1470 1
12 1470 1
23 1471 1
22 1471 1
8 1472 1
3 1472 1
24 1473 1
25 1473 1
14 1473 1
18 1473 1
1 1473 1
5 1473 1
17 1473 1
16 1473 1
6 1473 1
2 1473 1
11 1473 1
22 1474 1
24 1475 1
10 1475 1
14 1475 1
5 1475 1
12 1475 1
8 1475 1
11 1475 1
24 1476 1
4 1476 1
28 1476 1
29 1476 1
7 1476 1
5 1476 1
17 1476 1
9 1477 1
21 1477 1
1 1478 1
33 1478 1
6 1478 1
23 1479 1
9 1479 1
24 1479 1
21 1479 1
10 1479 1
18 1479 1
7 1479 1
19 1479 1
12 1479 1
17 1479 1
16 1479 1
42 1479 1
2 1479 1
27 1480 1
1 1481 1
23 1482 1
24 1482 1
18 1482 1
5 1482 1
17 1482 1
2 1482 1
11 1482 1
11 1483 1
25 1484 1
1 1484 1
12 1484 1
2 1484 1
14 1485 1
7 1485 1
25 1486 1
14 1486 1
31 1486 1
18 1486 1
15 1486 1
22 1486 1
1 1486 1
5 1486 1
12 1486 1
8 1486 1
16 1486 1
6 1486 1
2 1486 1
26 1486 1
11 1486 1
24 1487 1
10 1487 1
14 1487 1
15 1487 1
1 1487 1
12 1487 1
8 1487 1
11 1487 1
14 1488 1
17 1489 1
12 1490 1
24 1491 1
13 1491 1
14 1491 1
18 1491 1
7 1491 1
15 1491 1
5 1491 1
12 1491 1
8 1491 1
17 1491 1
16 1491 1
6 1491 1
2 1491 1
26 1491 1
11 1491 1
9 1492 1
21 1492 1
10 1492 1
18 1492 1
7 1492 1
17 1492 1
16 1492 1
2 1492 1
9 1493 1
2 1494 1
26 1494 1
23 1495 1
0 1495 1
28 1495 1
21 1495 1
18 1495 1
20 1495 1
19 1495 1
27 1495 1
2 1495 1
3 1495 1
30 1496 1
23 1496 1
43 1496 1
9 1496 1
24 1496 1
4 1496 1
28 1496 1
37 1496 1
21 1496 1
36 1496 1
10 1496 1
14 1496 1
29 1496 1
31 1496 1
18 1496 1
7 1496 1
15 1496 1
1 1496 1
32 1496 1
5 1496 1
19 1496 1
41 1496 1
12 1496 1
33 1496 1
17 1496 1
16 1496 1
42 1496 1
6 1496 1
27 1496 1
2 1496 1
11 1496 1
38 1497 1
9 1497 1
24 1497 1
4 1497 1
10 1497 1
14 1497 1
7 1497 1
22 1497 1
5 1497 1
8 1497 1
17 1497 1
16 1497 1
11 1497 1
23 1498 1
9 1498 1
25 1498 1
10 1498 1
7 1498 1
5 1498 1
19 1498 1
17 1498 1
16 1498 1
11 1498 1
30 1499 1
38 1499 1
43 1499 1
9 1499 1
24 1499 1
4 1499 1
52 1499 1
28 1499 1
35 1499 1
45 1499 1
37 1499 1
21 1499 1
13 1499 1
14 1499 1
29 1499 1
31 1499 1
18 1499 1
7 1499 1
39 1499 1
15 1499 1
1 1499 1
5 1499 1
12 1499 1
34 1499 1
8 1499 1
17 1499 1
16 1499 1
6 1499 1
2 1499 1
26 1499 1
11 1499 1
22 1500 1
11 1501 1
17 1502 1
7 1503 1
12 1503 1
44 1504 1
2 1504 1
25 1505 1
16 1505 1
30 1506 1
38 1506 1
23 1506 1
43 1506 1
9 1506 1
24 1506 1
4 1506 1
28 1506 1
35 1506 1
45 1506 1
25 1506 1
21 1506 1
36 1506 1
13 1506 1
10 1506 1
14 1506 1
29 1506 1
31 1506 1
18 1506 1
39 1506 1
15 1506 1
1 1506 1
40 1506 1
32 1506 1
5 1506 1
19 1506 1
41 1506 1
12 1506 1
34 1506 1
8 1506 1
33 1506 1
17 1506 1
16 1506 1
42 1506 1
6 1506 1
27 1506 1
2 1506 1
26 1506 1
14 1507 1
18 1507 1
7 1507 1
17 1507 1
11 1507 1
40 1508 1
25 1509 1
1 1509 1
6 1510 1
28 1511 1
21 1511 1
12 1512 1
25 1513 1
1 1513 1
12 1513 1
28 1514 1
41 1514 1
17 1514 1
20 1515 1
3 1516 1
24 1517 1
4 1517 1
10 1517 1
5 1517 1
12 1517 1
17 1517 1
8 1518 1
26 1518 1
3 1518 1
23 1519 1
20 1519 1
22 1519 1
2 1519 1
23 1520 1
28 1520 1
16 1520 1
9 1521 1
0 1521 1
10 1521 1
18 1521 1
1 1521 1
12 1521 1
17 1521 1
16 1521 1
2 1521 1
11 1521 1
24 1522 1
1 1522 1
12 1522 1
6 1522 1
11 1522 1
9 1523 1
28 1523 1
21 1523 1
2 1523 1
14 1524 1
1 1524 1
26 1524 1
1 1525 1
38 1526 1
24 1526 1
7 1526 1
8 1526 1
9 1527 1
0 1527 1
24 1527 1
18 1527 1
1 1527 1
5 1527 1
12 1527 1
17 1527 1
16 1527 1
6 1527 1
2 1527 1
11 1527 1
19 1528 1
2 1528 1
11 1528 1
1 1529 1
24 1530 1
11 1530 1
25 1531 1
2 1532 1
11 1533 1
9 1534 1
17 1534 1
16 1534 1
11 1535 1
24 1536 1
25 1536 1
1 1536 1
6 1536 1
11 1536 1
9 1537 1
18 1537 1
27 1537 1
2 1537 1
23 1538 1
20 1538 1
23 1539 1
24 1539 1
10 1539 1
5 1539 1
12 1539 1
17 1539 1
6 1539 1
2 1539 1
11 1539 1
14 1540 1
1 1540 1
26 1540 1
24 1541 1
4 1541 1
37 1541 1
36 1541 1
10 1541 1
31 1541 1
18 1541 1
1 1541 1
5 1541 1
12 1541 1
17 1541 1
16 1541 1
6 1541 1
2 1541 1
11 1541 1
10 1542 1
24 1543 1
37 1543 1
17 1543 1
25 1544 1
32 1544 1
12 1544 1
2 1544 1
3 1544 1
23 1545 1
9 1545 1
24 1545 1
4 1545 1
37 1545 1
10 1545 1
29 1545 1
31 1545 1
18 1545 1
7 1545 1
22 1545 1
1 1545 1
5 1545 1
19 1545 1
17 1545 1
16 1545 1
6 1545 1
27 1545 1
2 1545 1
11 1545 1
3 1545 1
1 1546 1
0 1547 1
25 1547 1
12 1547 1
2 1547 1
1 1548 1
12 1548 1
9 1549 1
24 1549 1
4 1549 1
35 1549 1
21 1549 1
36 1549 1
10 1549 1
14 1549 1
7 1549 1
1 1549 1
5 1549 1
19 1549 1
12 1549 1
17 1549 1
16 1549 1
6 1549 1
2 1549 1
0 1550 1
8 1550 1
9 1551 1
4 1551 1
28 1551 1
10 1551 1
18 1551 1
7 1551 1
12 1551 1
42 1551 1
2 1552 1
23 1553 1
9 1553 1
24 1553 1
35 1553 1
25 1553 1
36 1553 1
13 1553 1
10 1553 1
14 1553 1
31 1553 1
18 1553 1
15 1553 1
20 1553 1
1 1553 1
40 1553 1
5 1553 1
12 1553 1
17 1553 1
16 1553 1
2 1553 1
11 1553 1
24 1554 1
14 1554 1
1 1554 1
11 1554 1
1 1555 1
1 1556 1
24 1557 1
20 1558 1
10 1559 1
17 1559 1
11 1559 1
24 1560 1
7 1560 1
5 1560 1
17 1560 1
6 1560 1
11 1560 1
30 1561 1
9 1561 1
28 1561 1
9 1562 1
41 1562 1
12 1563 1
14 1564 1
14 1565 1
11 1565 1
23 1566 1
24 1566 1
5 1566 1
11 1566 1
3 1566 1
12 1567 1
24 1568 1
25 1568 1
10 1568 1
22 1569 1
29 1570 1
12 1570 1
2 1570 1
38 1571 1
10 1571 1
14 1571 1
1 1571 1
8 1571 1
2 1571 1
26 1571 1
14 1572 1
2 1573 1
12 1574 1
13 1575 1
6 1575 1
2 1576 1
25 1577 1
21 1577 1
31 1577 1
12 1577 1
1 1578 1
9 1579 1
24 1579 1
21 1579 1
10 1579 1
19 1579 1
41 1579 1
33 1579 1
27 1580 1
2 1580 1
30 1581 1
23 1581 1
9 1581 1
24 1581 1
4 1581 1
28 1581 1
35 1581 1
45 1581 1
21 1581 1
36 1581 1
13 1581 1
10 1581 1
46 1581 1
47 1581 1
14 1581 1
29 1581 1
18 1581 1
40 1581 1
32 1581 1
5 1581 1
19 1581 1
41 1581 1
12 1581 1
34 1581 1
8 1581 1
33 1581 1
17 1581 1
16 1581 1
42 1581 1
6 1581 1
27 1581 1
2 1581 1
11 1581 1
10 1582 1
12 1582 1
13 1583 1
8 1583 1
4 1584 1
5 1584 1
33 1584 1
6 1584 1
2 1584 1
11 1584 1
0 1585 1
14 1585 1
22 1585 1
1 1585 1
8 1585 1
2 1585 1
26 1585 1
9 1586 1
21 1586 1
18 1586 1
23 1587 1
9 1587 1
24 1587 1
25 1587 1
36 1587 1
10 1587 1
18 1587 1
12 1587 1
8 1587 1
17 1587 1
16 1587 1
2 1587 1
11 1587 1
6 1588 1
11 1588 1
11 1589 1
3 1589 1
14 1590 1
1 1591 1
12 1591 1
25 1592 1
14 1592 1
1 1592 1
2 1592 1
12 1593 1
11 1593 1
30 1594 1
29 1594 1
38 1595 1
4 1595 1
13 1595 1
10 1595 1
7 1595 1
5 1595 1
8 1595 1
33 1595 1
2 1595 1
26 1595 1
30 1596 1
23 1596 1
9 1596 1
24 1596 1
4 1596 1
28 1596 1
21 1596 1
13 1596 1
10 1596 1
47 1596 1
14 1596 1
31 1596 1
18 1596 1
7 1596 1
1 1596 1
40 1596 1
5 1596 1
19 1596 1
12 1596 1
8 1596 1
33 1596 1
17 1596 1
16 1596 1
6 1596 1
27 1596 1
2 1596 1
11 1596 1
18 1597 1
7 1597 1
8 1597 1
17 1597 1
16 1597 1
2 1597 1
23 1598 1
9 1598 1
0 1598 1
35 1598 1
21 1598 1
7 1598 1
39 1598 1
5 1598 1
19 1598 1
41 1598 1
12 1598 1
17 1598 1
42 1598 1
6 1598 1
26 1598 1
11 1598 1
14 1599 1
31 1599 1
1 1599 1
12 1599 1
24 1600 1
1 1600 1
17 1600 1
11 1600 1
30 1601 1
11 1602 1
9 1603 1
0 1603 1
28 1603 1
10 1603 1
14 1603 1
18 1603 1
19 1603 1
12 1603 1
33 1603 1
16 1603 1
27 1603 1
2 1603 1
11 1603 1
23 1604 1
12 1604 1
5 1605 1
17 1605 1
11 1605 1
0 1606 1
21 1606 1
36 1606 1
10 1606 1
17 1606 1
16 1606 1
6 1606 1
2 1606 1
11 1606 1
10 1607 1
11 1608 1
23 1609 1
4 1609 1
7 1609 1
32 1609 1
5 1609 1
8 1609 1
10 1610 1
18 1610 1
7 1610 1
5 1610 1
17 1610 1
2 1610 1
11 1610 1
30 1611 1
23 1611 1
9 1611 1
24 1611 1
4 1611 1
35 1611 1
45 1611 1
44 1611 1
25 1611 1
21 1611 1
36 1611 1
13 1611 1
10 1611 1
14 1611 1
29 1611 1
18 1611 1
1 1611 1
32 1611 1
5 1611 1
19 1611 1
41 1611 1
12 1611 1
33 1611 1
17 1611 1
6 1611 1
27 1611 1
2 1611 1
30 1612 1
21 1612 1
20 1612 1
22 1612 1
25 1613 1
1 1613 1
12 1613 1
11 1613 1
25 1614 1
12 1614 1
3 1614 1
24 1615 1
2 1615 1
11 1615 1
10 1616 1
7 1616 1
5 1616 1
17 1616 1
5 1617 1
11 1617 1
1 1618 1
12 1618 1
8 1618 1
19 1619 1
30 1620 1
29 1620 1
1 1621 1
14 1622 1
1 1623 1
21 1624 1
21 1625 1
10 1626 1
29 1626 1
9 1627 1
25 1627 1
36 1627 1
10 1627 1
14 1627 1
32 1627 1
8 1627 1
6 1627 1
11 1627 1
18 1628 1
20 1628 1
2 1628 1
30 1629 1
46 1629 1
9 1630 1
25 1631 1
15 1632 1
1 1632 1
8 1633 1
26 1633 1
25 1634 1
20 1634 1
1 1634 1
11 1634 1
30 1635 1
33 1635 1
2 1636 1
23 1637 1
9 1637 1
0 1637 1
24 1637 1
4 1637 1
52 1637 1
28 1637 1
21 1637 1
36 1637 1
10 1637 1
47 1637 1
18 1637 1
7 1637 1
39 1637 1
32 1637 1
5 1637 1
19 1637 1
41 1637 1
17 1637 1
16 1637 1
42 1637 1
6 1637 1
27 1637 1
2 1637 1
30 1638 1
12 1639 1
11 1639 1
9 1640 1
24 1640 1
4 1640 1
37 1640 1
13 1640 1
10 1640 1
14 1640 1
18 1640 1
1 1640 1
5 1640 1
12 1640 1
8 1640 1
17 1640 1
16 1640 1
6 1640 1
2 1640 1
26 1640 1
11 1640 1
6 1641 1
24 1642 1
4 1642 1
10 1642 1
7 1642 1
5 1642 1
12 1642 1
8 1642 1
16 1642 1
4 1643 1
21 1643 1
18 1643 1
5 1643 1
19 1643 1
8 1643 1
27 1643 1
2 1643 1
48 1644 1
14 1644 1
0 1645 1
28 1645 1
25 1645 1
21 1645 1
12 1645 1
2 1645 1
29 1646 1
11 1647 1
30 1648 1
25 1648 1
47 1648 1
29 1648 1
1 1648 1
12 1648 1
18 1649 1
5 1649 1
17 1649 1
2 1649 1
30 1650 1
23 1650 1
0 1650 1
24 1650 1
4 1650 1
28 1650 1
35 1650 1
45 1650 1
44 1650 1
25 1650 1
37 1650 1
21 1650 1
36 1650 1
10 1650 1
29 1650 1
39 1650 1
20 1650 1
22 1650 1
40 1650 1
5 1650 1
12 1650 1
34 1650 1
17 1650 1
16 1650 1
6 1650 1
27 1650 1
2 1650 1
3 1650 1
9 1650 1
13 1650 1
46 1650 1
47 1650 1
14 1650 1
31 1650 1
18 1650 1
7 1650 1
1 1650 1
32 1650 1
19 1650 1
41 1650 1
33 1650 1
42 1650 1
11 1650 1
17 1651 1
2 1651 1
2 1652 1
14 1653 1
25 1654 1
12 1654 1
1 1654 1
38 1655 1
28 1655 1
9 1655 1
14 1655 1
28 1656 1
21 1657 1
24 1658 1
45 1658 1
21 1658 1
6 1658 1
27 1658 1
2 1658 1
18 1658 1
7 1658 1
19 1658 1
41 1658 1
8 1658 1
3 1659 1
28 1660 1
21 1660 1
24 1661 1
10 1661 1
5 1661 1
17 1661 1
7 1661 1
19 1661 1
8 1662 1
18 1663 1
14 1664 1
29 1665 1
30 1666 1
23 1666 1
4 1666 1
45 1666 1
37 1666 1
21 1666 1
10 1666 1
5 1666 1
17 1666 1
16 1666 1
6 1666 1
27 1666 1
2 1666 1
9 1666 1
47 1666 1
31 1666 1
18 1666 1
1 1666 1
19 1666 1
41 1666 1
33 1666 1
42 1666 1
11 1666 1
23 1667 1
24 1667 1
4 1667 1
36 1667 1
10 1667 1
5 1667 1
12 1667 1
17 1667 1
16 1667 1
6 1667 1
2 1667 1
13 1667 1
18 1667 1
15 1667 1
17 1668 1
16 1668 1
2 1668 1
18 1668 1
7 1668 1
11 1669 1
23 1670 1
4 1670 1
21 1670 1
5 1670 1
17 1670 1
18 1670 1
25 1671 1
28 1672 1
7 1673 1
23 1674 1
24 1674 1
4 1674 1
28 1674 1
35 1674 1
10 1674 1
20 1674 1
22 1674 1
40 1674 1
5 1674 1
12 1674 1
34 1674 1
17 1674 1
16 1674 1
6 1674 1
27 1674 1
2 1674 1
9 1674 1
13 1674 1
14 1674 1
18 1674 1
7 1674 1
15 1674 1
1 1674 1
19 1674 1
8 1674 1
26 1674 1
11 1674 1
30 1675 1
29 1675 1
0 1676 1
9 1677 1
11 1678 1
6 1679 1
11 1679 1
38 1680 1
24 1680 1
5 1680 1
17 1680 1
16 1680 1
2 1680 1
14 1680 1
18 1680 1
7 1680 1
1 1680 1
8 1680 1
26 1680 1
11 1680 1
30 1681 1
12 1682 1
24 1683 1
25 1683 1
12 1683 1
32 1683 1
11 1684 1
4 1685 1
35 1686 1
28 1687 1
21 1687 1
5 1687 1
17 1687 1
27 1687 1
2 1687 1
9 1687 1
18 1687 1
7 1687 1
19 1687 1
42 1687 1
11 1687 1
11 1688 1
22 1689 1
16 1689 1
9 1689 1
14 1689 1
10 1690 1
38 1691 1
7 1691 1
17 1692 1
7 1692 1
23 1693 1
0 1693 1
24 1693 1
4 1693 1
28 1693 1
37 1693 1
21 1693 1
36 1693 1
10 1693 1
20 1693 1
22 1693 1
5 1693 1
12 1693 1
34 1693 1
17 1693 1
16 1693 1
27 1693 1
2 1693 1
3 1693 1
9 1693 1
13 1693 1
31 1693 1
18 1693 1
7 1693 1
1 1693 1
19 1693 1
8 1693 1
33 1693 1
26 1693 1
11 1693 1
12 1694 1
25 1695 1
12 1695 1
2 1695 1
1 1695 1
30 1696 1
4 1696 1
28 1696 1
21 1696 1
10 1696 1
29 1696 1
5 1696 1
17 1696 1
2 1696 1
9 1696 1
18 1696 1
7 1696 1
8 1696 1
29 1697 1
25 1698 1
1 1698 1
38 1699 1
24 1699 1
36 1699 1
10 1699 1
5 1699 1
12 1699 1
14 1699 1
7 1699 1
15 1699 1
8 1699 1
1 1700 1
24 1701 1
3 1702 1
14 1703 1
21 1704 1
2 1704 1
20 1705 1
12 1705 1
14 1705 1
18 1705 1
26 1705 1
11 1705 1
11 1706 1
11 1707 1
10 1708 1
24 1709 1
7 1709 1
1 1709 1
8 1709 1
11 1709 1
12 1710 1
1 1710 1
5 1711 1
16 1711 1
6 1711 1
14 1711 1
2 1712 1
21 1713 1
10 1713 1
8 1714 1
23 1715 1
24 1715 1
5 1715 1
17 1715 1
16 1715 1
2 1715 1
14 1715 1
18 1715 1
33 1715 1
42 1715 1
6 1716 1
14 1716 1
1 1716 1
11 1716 1
14 1717 1
24 1718 1
25 1718 1
1 1718 1
11 1718 1
2 1719 1
18 1719 1
11 1719 1
24 1720 1
11 1721 1
23 1722 1
0 1722 1
24 1722 1
25 1722 1
10 1722 1
5 1722 1
12 1722 1
17 1722 1
16 1722 1
27 1722 1
2 1722 1
9 1722 1
13 1722 1
47 1722 1
18 1722 1
7 1722 1
1 1722 1
19 1722 1
8 1722 1
33 1722 1
26 1722 1
11 1722 1
6 1723 1
11 1723 1
11 1724 1
12 1725 1
1 1725 1
2 1726 1
1 1726 1
23 1727 1
24 1727 1
4 1727 1
21 1727 1
10 1727 1
29 1727 1
20 1727 1
22 1727 1
5 1727 1
17 1727 1
6 1727 1
27 1727 1
2 1727 1
9 1727 1
18 1727 1
1 1727 1
19 1727 1
8 1727 1
42 1727 1
11 1727 1
17 1728 1
9 1728 1
11 1728 1
8 1729 1
4 1730 1
36 1730 1
10 1730 1
5 1730 1
1 1731 1
4 1732 1
10 1732 1
5 1732 1
12 1732 1
7 1732 1
12 1733 1
24 1734 1
21 1734 1
9 1734 1
43 1735 1
28 1735 1
21 1735 1
10 1735 1
5 1735 1
17 1735 1
16 1735 1
2 1735 1
9 1735 1
19 1735 1
33 1735 1
16 1736 1
6 1736 1
11 1736 1
14 1737 1
25 1738 1
12 1738 1
1 1738 1
1 1739 1
11 1739 1
10 1740 1
14 1741 1
24 1742 1
4 1742 1
5 1742 1
17 1742 1
6 1742 1
2 1742 1
9 1742 1
14 1742 1
18 1742 1
8 1742 1
33 1742 1
11 1742 1
10 1743 1
9 1743 1
14 1743 1
19 1743 1
8 1743 1
21 1744 1
10 1744 1
29 1744 1
12 1744 1
5 1745 1
17 1745 1
7 1745 1
8 1745 1
12 1746 1
0 1747 1
2 1747 1
1 1747 1
3 1748 1
14 1748 1
11 1748 1
4 1749 1
45 1749 1
21 1749 1
10 1749 1
11 1749 1
14 1750 1
1 1750 1
8 1750 1
6 1751 1
11 1751 1
30 1752 1
0 1753 1
25 1753 1
5 1753 1
12 1753 1
17 1753 1
16 1753 1
6 1753 1
27 1753 1
2 1753 1
14 1753 1
18 1753 1
1 1753 1
11 1753 1
23 1754 1
0 1754 1
4 1754 1
28 1754 1
19 1754 1
14 1755 1
8 1755 1
26 1755 1
28 1756 1
12 1756 1
14 1756 1
11 1756 1
0 1757 1
25 1758 1
1 1758 1
24 1759 1
25 1759 1
36 1759 1
10 1759 1
17 1759 1
16 1759 1
6 1759 1
2 1759 1
9 1759 1
14 1759 1
18 1759 1
7 1759 1
19 1759 1
24 1760 1
4 1760 1
28 1760 1
21 1760 1
5 1760 1
17 1760 1
2 1760 1
18 1760 1
24 1761 1
21 1762 1
18 1762 1
30 1763 1
3 1764 1
1 1765 1
23 1766 1
4 1766 1
28 1766 1
25 1766 1
10 1766 1
29 1766 1
12 1766 1
16 1766 1
2 1766 1
9 1766 1
18 1766 1
7 1766 1
1 1766 1
19 1766 1
33 1766 1
42 1766 1
24 1767 1
20 1767 1
12 1767 1
17 1767 1
27 1767 1
2 1767 1
3 1767 1
14 1767 1
18 1767 1
19 1767 1
11 1767 1
27 1768 1
6 1769 1
11 1769 1
23 1770 1
28 1770 1
5 1770 1
17 1770 1
27 1770 1
3 1770 1
18 1770 1
19 1770 1
42 1770 1
11 1770 1
3 1771 1
26 1772 1
5 1773 1
17 1773 1
23 1774 1
28 1774 1
21 1774 1
16 1774 1
19 1774 1
14 1775 1
5 1776 1
23 1777 1
4 1777 1
28 1777 1
10 1777 1
5 1777 1
12 1777 1
17 1777 1
16 1777 1
6 1777 1
2 1777 1
18 1777 1
11 1777 1
23 1778 1
4 1778 1
10 1778 1
16 1778 1
2 1778 1
14 1778 1
18 1778 1
0 1779 1
21 1779 1
2 1780 1
14 1781 1
2 1782 1
24 1783 1
5 1783 1
17 1783 1
16 1783 1
6 1783 1
2 1783 1
18 1783 1
24 1784 1
10 1784 1
16 1784 1
6 1784 1
2 1784 1
3 1784 1
9 1784 1
18 1784 1
7 1784 1
11 1784 1
8 1785 1
26 1785 1
30 1786 1
23 1786 1
24 1786 1
4 1786 1
35 1786 1
37 1786 1
21 1786 1
10 1786 1
29 1786 1
5 1786 1
6 1786 1
27 1786 1
2 1786 1
9 1786 1
47 1786 1
18 1786 1
7 1786 1
19 1786 1
8 1786 1
42 1786 1
11 1786 1
24 1787 1
4 1787 1
21 1787 1
10 1787 1
5 1787 1
12 1787 1
17 1787 1
16 1787 1
6 1787 1
2 1787 1
9 1787 1
14 1787 1
18 1787 1
7 1787 1
1 1787 1
11 1787 1
21 1788 1
28 1789 1
21 1789 1
42 1789 1
12 1790 1
2 1791 1
23 1792 1
24 1792 1
21 1792 1
10 1792 1
29 1792 1
5 1792 1
16 1792 1
27 1792 1
2 1792 1
9 1792 1
13 1792 1
14 1792 1
18 1792 1
1 1792 1
24 1793 1
5 1793 1
12 1793 1
17 1793 1
6 1793 1
14 1793 1
8 1793 1
11 1793 1
30 1794 1
23 1794 1
24 1794 1
28 1794 1
21 1794 1
10 1794 1
39 1794 1
5 1794 1
17 1794 1
16 1794 1
27 1794 1
2 1794 1
9 1794 1
18 1794 1
7 1794 1
19 1794 1
33 1794 1
11 1795 1
23 1796 1
0 1796 1
24 1796 1
4 1796 1
28 1796 1
25 1796 1
10 1796 1
20 1796 1
5 1796 1
12 1796 1
17 1796 1
16 1796 1
27 1796 1
2 1796 1
3 1796 1
18 1796 1
15 1796 1
1 1796 1
19 1796 1
5 1797 1
17 1797 1
19 1797 1
11 1797 1
30 1798 1
23 1798 1
43 1798 1
24 1798 1
4 1798 1
28 1798 1
35 1798 1
45 1798 1
44 1798 1
25 1798 1
37 1798 1
21 1798 1
36 1798 1
10 1798 1
29 1798 1
39 1798 1
20 1798 1
22 1798 1
5 1798 1
12 1798 1
17 1798 1
16 1798 1
6 1798 1
27 1798 1
2 1798 1
9 1798 1
13 1798 1
47 1798 1
14 1798 1
31 1798 1
18 1798 1
7 1798 1
1 1798 1
32 1798 1
19 1798 1
41 1798 1
8 1798 1
33 1798 1
42 1798 1
11 1798 1
2 1799 1
39 1800 1
2 1801 1
1 1801 1
2 1802 1
30 1803 1
4 1803 1
12 1803 1
1 1803 1
8 1803 1
12 1804 1
14 1804 1
28 1805 1
7 1805 1
0 1806 1
28 1806 1
21 1806 1
22 1806 1
2 1807 1
14 1807 1
15 1807 1
1 1807 1
8 1807 1
26 1807 1
18 1808 1
24 1809 1
12 1809 1
9 1809 1
14 1809 1
30 1810 1
5 1811 1
3 1812 1
4 1813 1
9 1813 1
8 1813 1
9 1814 1
11 1814 1
23 1815 1
24 1815 1
21 1815 1
5 1815 1
2 1815 1
18 1815 1
11 1815 1
13 1816 1
11 1816 1
12 1817 1
1 1817 1
33 1818 1
23 1819 1
10 1819 1
29 1819 1
5 1819 1
17 1819 1
16 1819 1
2 1819 1
9 1819 1
8 1819 1
33 1819 1
42 1819 1
1 1820 1
11 1820 1
30 1821 1
23 1821 1
20 1821 1
22 1821 1
40 1821 1
12 1821 1
34 1821 1
27 1821 1
9 1821 1
46 1821 1
19 1821 1
11 1821 1
2 1822 1
28 1823 1
24 1824 1
25 1824 1
5 1824 1
17 1824 1
16 1824 1
2 1824 1
14 1824 1
18 1824 1
8 1824 1
11 1824 1
0 1825 1
2 1826 1
1 1826 1
18 1827 1
20 1828 1
5 1828 1
12 1829 1
5 1830 1
17 1831 1
2 1831 1
18 1831 1
11 1831 1
24 1832 1
4 1832 1
28 1832 1
21 1832 1
17 1832 1
27 1832 1
2 1832 1
9 1832 1
18 1832 1
11 1832 1
14 1833 1
4 1834 1
14 1834 1
23 1835 1
0 1835 1
24 1835 1
4 1835 1
28 1835 1
25 1835 1
21 1835 1
10 1835 1
5 1835 1
12 1835 1
17 1835 1
6 1835 1
27 1835 1
2 1835 1
13 1835 1
14 1835 1
18 1835 1
23 1836 1
24 1836 1
4 1836 1
28 1836 1
44 1836 1
21 1836 1
20 1836 1
5 1836 1
12 1836 1
17 1836 1
6 1836 1
27 1836 1
3 1836 1
9 1836 1
13 1836 1
18 1836 1
1 1836 1
11 1836 1
7 1837 1
2 1838 1
12 1839 1
1 1839 1
14 1840 1
23 1841 1
0 1841 1
24 1841 1
21 1841 1
36 1841 1
39 1841 1
5 1841 1
17 1841 1
27 1841 1
2 1841 1
9 1841 1
18 1841 1
7 1841 1
19 1841 1
33 1841 1
11 1841 1
14 1842 1
20 1843 1
22 1843 1
4 1844 1
30 1845 1
23 1845 1
10 1845 1
17 1845 1
29 1846 1
23 1847 1
4 1847 1
10 1847 1
22 1847 1
5 1847 1
17 1847 1
2 1847 1
22 1848 1
45 1849 1
38 1850 1
24 1850 1
5 1850 1
12 1850 1
16 1850 1
2 1850 1
3 1850 1
18 1850 1
24 1851 1
21 1851 1
5 1851 1
17 1851 1
16 1851 1
2 1851 1
18 1851 1
8 1851 1
11 1851 1
21 1852 1
9 1852 1
25 1853 1
14 1854 1
5 1855 1
41 1855 1
11 1855 1
38 1856 1
5 1856 1
12 1856 1
17 1856 1
7 1856 1
8 1856 1
11 1856 1
24 1857 1
10 1857 1
5 1857 1
17 1857 1
16 1857 1
6 1857 1
2 1857 1
18 1857 1
1 1857 1
11 1857 1
9 1858 1
0 1859 1
21 1859 1
14 1859 1
23 1860 1
1 1860 1
30 1861 1
38 1862 1
25 1862 1
10 1862 1
5 1862 1
12 1862 1
17 1862 1
16 1862 1
2 1862 1
9 1862 1
14 1862 1
18 1862 1
7 1862 1
15 1862 1
1 1862 1
8 1862 1
11 1862 1
2 1863 1
14 1863 1
11 1863 1
14 1864 1
30 1865 1
42 1865 1
38 1866 1
23 1866 1
24 1866 1
4 1866 1
25 1866 1
10 1866 1
29 1866 1
5 1866 1
12 1866 1
17 1866 1
16 1866 1
6 1866 1
27 1866 1
2 1866 1
3 1866 1
13 1866 1
18 1866 1
15 1866 1
1 1866 1
19 1866 1
8 1866 1
33 1866 1
11 1866 1
16 1867 1
6 1867 1
14 1867 1
1 1867 1
11 1867 1
18 1868 1
6 1869 1
30 1870 1
45 1870 1
21 1870 1
10 1870 1
5 1870 1
16 1870 1
6 1870 1
2 1870 1
9 1870 1
18 1870 1
33 1870 1
11 1871 1
14 1872 1
11 1873 1
1 1874 1
42 1875 1
2 1876 1
11 1876 1
28 1877 1
22 1877 1
14 1878 1
8 1878 1
6 1879 1
24 1880 1
18 1880 1
12 1881 1
3 1882 1
2 1883 1
11 1884 1
30 1885 1
23 1885 1
44 1885 1
21 1885 1
10 1885 1
20 1885 1
22 1885 1
9 1885 1
33 1885 1
42 1885 1
5 1886 1
9 1886 1
38 1887 1
24 1887 1
25 1887 1
5 1887 1
12 1887 1
17 1887 1
16 1887 1
2 1887 1
14 1887 1
18 1887 1
7 1887 1
15 1887 1
8 1887 1
26 1887 1
11 1887 1
6 1888 1
9 1888 1
12 1889 1
2 1889 1
0 1890 1
21 1891 1
44 1892 1
12 1893 1
6 1893 1
11 1893 1
24 1894 1
11 1895 1
31 1896 1
0 1897 1
11 1898 1
2 1899 1
38 1900 1
8 1900 1
4 1901 1
10 1901 1
19 1901 1
28 1902 1
28 1903 1
30 1904 1
38 1904 1
23 1904 1
43 1904 1
0 1904 1
24 1904 1
4 1904 1
28 1904 1
35 1904 1
21 1904 1
36 1904 1
10 1904 1
5 1904 1
12 1904 1
34 1904 1
17 1904 1
16 1904 1
6 1904 1
27 1904 1
2 1904 1
9 1904 1
14 1904 1
18 1904 1
7 1904 1
1 1904 1
32 1904 1
19 1904 1
8 1904 1
33 1904 1
42 1904 1
26 1904 1
11 1904 1
19 1905 1
0 1906 1
10 1907 1
14 1908 1
21 1909 1
2 1909 1
42 1909 1
20 1910 1
2 1910 1
18 1910 1
3 1911 1
3 1912 1
24 1913 1
4 1913 1
5 1913 1
7 1913 1
23 1914 1
24 1914 1
4 1914 1
25 1914 1
10 1914 1
5 1914 1
12 1914 1
17 1914 1
16 1914 1
27 1914 1
2 1914 1
9 1914 1
13 1914 1
14 1914 1
18 1914 1
7 1914 1
19 1914 1
11 1914 1
30 1915 1
28 1915 1
21 1915 1
10 1915 1
40 1915 1
5 1915 1
6 1915 1
9 1915 1
7 1915 1
19 1915 1
41 1915 1
5 1916 1
12 1916 1
2 1916 1
27 1917 1
23 1918 1
24 1918 1
4 1918 1
10 1918 1
5 1918 1
12 1918 1
17 1918 1
16 1918 1
6 1918 1
2 1918 1
9 1918 1
14 1918 1
18 1918 1
7 1918 1
1 1918 1
19 1918 1
11 1918 1
23 1919 1
24 1919 1
3 1919 1
19 1919 1
3 1920 1
19 1921 1
5 1922 1
2 1922 1
18 1922 1
21 1923 1
17 1923 1
16 1923 1
41 1923 1
5 1924 1
25 1925 1
21 1925 1
10 1926 1
1 1927 1
24 1928 1
11 1928 1
11 1929 1
18 1930 1
15 1930 1
39 1931 1
11 1932 1
2 1933 1
19 1933 1
21 1934 1
33 1934 1
24 1935 1
21 1935 1
17 1935 1
16 1935 1
9 1935 1
18 1935 1
7 1935 1
23 1936 1
21 1936 1
9 1936 1
18 1936 1
19 1936 1
35 1937 1
21 1937 1
27 1937 1
9 1937 1
19 1937 1
8 1937 1
21 1938 1
27 1938 1
23 1939 1
0 1939 1
4 1939 1
28 1939 1
21 1939 1
27 1939 1
9 1939 1
18 1939 1
10 1940 1
9 1940 1
7 1940 1
19 1940 1
11 1940 1
30 1941 1
12 1942 1
6 1942 1
1 1942 1
11 1942 1
9 1943 1
23 1944 1
2 1944 1
11 1944 1
24 1945 1
4 1945 1
10 1945 1
5 1945 1
17 1945 1
16 1945 1
6 1945 1
2 1945 1
18 1945 1
7 1945 1
19 1945 1
11 1945 1
14 1946 1
26 1946 1
11 1946 1
5 1947 1
12 1947 1
3 1947 1
9 1947 1
12 1948 1
2 1949 1
21 1950 1
12 1951 1
6 1951 1
43 1952 1
5 1952 1
12 1952 1
17 1952 1
16 1952 1
27 1952 1
2 1952 1
14 1952 1
18 1952 1
7 1952 1
1 1952 1
8 1952 1
26 1952 1
11 1953 1
0 1954 1
28 1954 1
21 1954 1
11 1954 1
12 1955 1
21 1956 1
27 1957 1
3 1957 1
11 1957 1
24 1958 1
11 1958 1
0 1959 1
6 1960 1
11 1960 1
37 1961 1
21 1961 1
10 1961 1
17 1961 1
6 1961 1
2 1961 1
18 1961 1
33 1961 1
11 1961 1
0 1962 1
5 1962 1
3 1962 1
19 1962 1
25 1963 1
12 1963 1
23 1964 1
10 1964 1
5 1964 1
17 1964 1
6 1964 1
2 1964 1
9 1964 1
18 1964 1
33 1964 1
18 1965 1
9 1966 1
23 1967 1
24 1967 1
4 1967 1
10 1967 1
17 1967 1
16 1967 1
2 1967 1
9 1967 1
18 1967 1
7 1967 1
32 1967 1
19 1967 1
28 1968 1
21 1968 1
9 1968 1
18 1968 1
17 1969 1
30 1970 1
12 1970 1
9 1971 1
0 1972 1
18 1972 1
19 1972 1
24 1973 1
4 1973 1
35 1973 1
25 1973 1
36 1973 1
10 1973 1
5 1973 1
12 1973 1
17 1973 1
16 1973 1
6 1973 1
27 1973 1
2 1973 1
9 1973 1
14 1973 1
18 1973 1
7 1973 1
1 1973 1
19 1973 1
8 1973 1
33 1973 1
26 1973 1
6 1974 1
30 1975 1
28 1976 1
10 1977 1
8 1978 1
23 1979 1
24 1979 1
21 1979 1
20 1979 1
5 1979 1
12 1979 1
16 1979 1
27 1979 1
2 1979 1
9 1979 1
14 1979 1
18 1979 1
7 1979 1
19 1979 1
12 1980 1
10 1981 1
30 1982 1
10 1982 1
22 1982 1
9 1982 1
19 1982 1
10 1983 1
2 1983 1
9 1983 1
30 1984 1
18 1984 1
42 1984 1
4 1985 1
21 1986 1
0 1987 1
24 1987 1
10 1987 1
9 1987 1
11 1987 1
3 1988 1
23 1989 1
28 1989 1
21 1989 1
12 1989 1
9 1989 1
19 1989 1
28 1990 1
3 1990 1
10 1991 1
24 1992 1
28 1992 1
2 1992 1
18 1992 1
14 1993 1
24 1994 1
21 1994 1
9 1994 1
19 1994 1
41 1994 1
23 1995 1
9 1995 1
4 1996 1
11 1997 1
4 1998 1
22 1998 1
28 1999 1
21 1999 1
27 1999 1
9 1999 1
18 1999 1
33 1999 1
1 2000 1
23 2001 1
28 2001 1
21 2001 1
10 2001 1
22 2001 1
6 2001 1
2 2001 1
9 2001 1
18 2001 1
11 2001 1
25 2002 1
11 2002 1
0 2003 1
21 2004 1
9 2004 1
21 2005 1
10 2005 1
23 2006 1
4 2006 1
28 2006 1
25 2006 1
21 2006 1
10 2006 1
17 2006 1
16 2006 1
27 2006 1
2 2006 1
3 2006 1
18 2006 1
7 2006 1
19 2006 1
11 2006 1
30 2007 1
23 2007 1
24 2007 1
4 2007 1
21 2007 1
5 2007 1
34 2007 1
6 2007 1
27 2007 1
9 2007 1
14 2007 1
31 2007 1
18 2007 1
1 2007 1
19 2007 1
11 2007 1
14 2008 1
10 2009 1
1 2010 1
30 2011 1
9 2011 1
23 2012 1
28 2012 1
10 2012 1
7 2012 1
9 2013 1
24 2014 1
1 2014 1
9 2015 1
23 2016 1
0 2016 1
11 2017 1
17 2018 1
16 2018 1
24 2019 1
11 2019 1
36 2020 1
10 2020 1
12 2020 1
1 2020 1
11 2021 1
28 2022 1
14 2022 1
8 2022 1
26 2022 1
25 2023 1
5 2024 1
9 2024 1
3 2025 1
9 2025 1
1 2025 1
11 2025 1
17 2026 1
16 2026 1
14 2027 1
23 2028 1
0 2028 1
28 2028 1
21 2028 1
16 2028 1
6 2028 1
9 2028 1
19 2028 1
0 2029 1
3 2029 1
21 2030 1
9 2030 1
25 2031 1
14 2031 1
17 2032 1
14 2033 1
0 2034 1
9 2035 1
14 2036 1
34 2037 1
14 2037 1
51 2037 1
8 2037 1
33 2037 1
26 2037 1
11 2038 1
0 2039 1
38 2040 1
23 2040 1
43 2040 1
24 2040 1
4 2040 1
35 2040 1
21 2040 1
36 2040 1
10 2040 1
40 2040 1
5 2040 1
12 2040 1
17 2040 1
16 2040 1
6 2040 1
27 2040 1
2 2040 1
9 2040 1
13 2040 1
46 2040 1
14 2040 1
18 2040 1
7 2040 1
32 2040 1
19 2040 1
41 2040 1
8 2040 1
33 2040 1
42 2040 1
14 2041 1
11 2041 1
21 2042 1
0 2043 1
24 2043 1
25 2043 1
5 2043 1
16 2043 1
27 2043 1
2 2043 1
14 2043 1
18 2043 1
1 2043 1
11 2043 1
12 2044 1
6 2044 1
13 2044 1
14 2044 1
1 2044 1
11 2044 1
0 2045 1
25 2046 1
8 2047 1
14 2048 1
19 2049 1
25 2050 1
11 2051 1
9 2052 1
31 2053 1
19 2053 1
25 2054 1
14 2055 1
3 2056 1
13 2057 1
12 2058 1
20 2059 1
22 2059 1
21 2060 1
0 2061 1
21 2061 1
9 2061 1
4 2062 1
25 2062 1
10 2062 1
6 2062 1
2 2062 1
14 2062 1
7 2062 1
19 2062 1
11 2062 1
0 2063 1
24 2063 1
4 2063 1
10 2063 1
17 2063 1
2 2063 1
9 2063 1
1 2063 1
19 2063 1
10 2064 1
2 2064 1
2 2065 1
18 2065 1
7 2065 1
25 2066 1
1 2066 1
13 2067 1
23 2068 1
0 2068 1
28 2068 1
35 2068 1
45 2068 1
21 2068 1
12 2068 1
6 2068 1
9 2068 1
19 2068 1
29 2069 1
24 2070 1
20 2070 1
5 2070 1
17 2070 1
2 2070 1
18 2070 1
8 2070 1
11 2070 1
38 2071 1
0 2071 1
26 2071 1
0 2072 1
12 2072 1
16 2072 1
11 2072 1
25 2073 1
6 2073 1
1 2073 1
11 2073 1
24 2074 1
18 2074 1
23 2075 1
28 2075 1
20 2075 1
9 2075 1
19 2075 1
0 2076 1
2 2077 1
14 2078 1
11 2078 1
21 2079 1
28 2080 1
18 2081 1
6 2082 1
14 2083 1
21 2084 1
5 2084 1
2 2084 1
9 2085 1
32 2085 1
19 2085 1
3 2086 1
28 2087 1
25 2087 1
14 2087 1
22 2088 1
12 2089 1
11 2089 1
11 2090 1
0 2091 1
6 2092 1
11 2092 1
24 2093 1
12 2093 1
9 2094 1
14 2094 1
19 2094 1
8 2094 1
12 2095 1
12 2096 1
8 2097 1
5 2098 1
0 2099 1
25 2099 1
1 2099 1
6 2100 1
10 2101 1
4 2102 1
16 2102 1
2 2102 1
9 2102 1
18 2102 1
19 2102 1
6 2103 1
18 2103 1
7 2103 1
10 2104 1
23 2105 1
20 2105 1
6 2105 1
11 2105 1
14 2106 1
10 2107 1
11 2108 1
23 2109 1
10 2109 1
20 2109 1
5 2109 1
12 2109 1
2 2109 1
3 2109 1
9 2109 1
14 2109 1
1 2109 1
19 2109 1
8 2109 1
26 2109 1
11 2109 1
3 2110 1
11 2110 1
24 2111 1
5 2111 1
17 2111 1
16 2111 1
2 2111 1
18 2111 1
10 2112 1
18 2112 1
11 2113 1
9 2114 1
10 2115 1
2 2115 1
14 2116 1
1 2116 1
33 2116 1
2 2117 1
21 2118 1
20 2118 1
19 2118 1
7 2119 1
23 2120 1
18 2121 1
7 2122 1
2 2123 1
23 2124 1
0 2124 1
2 2124 1
10 2125 1
13 2125 1
14 2125 1
11 2125 1
0 2126 1
32 2127 1
14 2128 1
21 2129 1
10 2129 1
9 2129 1
1 2130 1
25 2131 1
21 2132 1
2 2132 1
9 2132 1
12 2133 1
14 2133 1
16 2134 1
24 2135 1
36 2135 1
5 2135 1
23 2136 1
24 2136 1
25 2136 1
21 2136 1
2 2136 1
0 2137 1
0 2138 1
9 2138 1
4 2139 1
23 2140 1
4 2140 1
28 2140 1
29 2140 1
5 2140 1
17 2140 1
7 2140 1
11 2141 1
28 2142 1
3 2142 1
21 2143 1
21 2144 1
9 2144 1
19 2145 1
26 2146 1
24 2147 1
3 2147 1
7 2147 1
19 2147 1
4 2148 1
28 2148 1
21 2148 1
10 2148 1
5 2148 1
17 2148 1
16 2148 1
9 2148 1
18 2148 1
7 2148 1
1 2148 1
2 2149 1
18 2149 1
7 2149 1
0 2150 1
20 2150 1
0 2151 1
10 2151 1
5 2151 1
17 2151 1
9 2151 1
7 2151 1
11 2151 1
4 2152 1
24 2153 1
7 2153 1
1 2153 1
11 2153 1
20 2154 1
17 2154 1
16 2154 1
27 2154 1
2 2154 1
18 2154 1
25 2155 1
12 2155 1
6 2155 1
11 2155 1
1 2156 1
11 2156 1
25 2157 1
13 2157 1
2 2158 1
24 2159 1
5 2159 1
17 2159 1
6 2159 1
9 2159 1
14 2159 1
18 2159 1
1 2159 1
11 2159 1
18 2160 1
7 2160 1
25 2161 1
10 2161 1
2 2161 1
16 2162 1
10 2163 1
12 2163 1
2 2163 1
18 2163 1
7 2163 1
37 2164 1
0 2165 1
28 2165 1
35 2165 1
45 2165 1
21 2165 1
40 2165 1
9 2165 1
19 2165 1
41 2165 1
22 2166 1
24 2167 1
21 2168 1
21 2169 1
8 2170 1
12 2171 1
10 2172 1
0 2173 1
24 2173 1
5 2173 1
17 2173 1
16 2173 1
2 2173 1
18 2173 1
25 2174 1
10 2174 1
6 2174 1
13 2174 1
31 2174 1
11 2174 1
35 2175 1
9 2175 1
20 2176 1
9 2176 1
19 2176 1
24 2177 1
4 2177 1
10 2177 1
17 2177 1
16 2177 1
18 2177 1
7 2177 1
19 2177 1
4 2178 1
28 2178 1
25 2178 1
14 2179 1
18 2180 1
24 2181 1
4 2181 1
35 2181 1
25 2181 1
10 2181 1
5 2181 1
17 2181 1
16 2181 1
2 2181 1
18 2181 1
19 2181 1
10 2182 1
24 2183 1
4 2183 1
5 2183 1
12 2183 1
17 2183 1
18 2183 1
25 2184 1
5 2184 1
12 2184 1
6 2184 1
14 2184 1
1 2184 1
11 2184 1
11 2185 1
10 2186 1
23 2187 1
24 2187 1
4 2187 1
21 2187 1
10 2187 1
5 2187 1
34 2187 1
17 2187 1
16 2187 1
6 2187 1
27 2187 1
2 2187 1
9 2187 1
18 2187 1
7 2187 1
41 2187 1
8 2187 1
33 2187 1
12 2188 1
1 2188 1
11 2188 1
14 2189 1
8 2189 1
27 2190 1
28 2191 1
21 2191 1
14 2192 1
1 2192 1
18 2193 1
9 2194 1
23 2195 1
4 2195 1
28 2195 1
45 2195 1
37 2195 1
21 2195 1
10 2195 1
5 2195 1
12 2195 1
17 2195 1
16 2195 1
27 2195 1
2 2195 1
3 2195 1
9 2195 1
18 2195 1
19 2195 1
41 2195 1
51 2195 1
11 2195 1
10 2196 1
11 2196 1
7 2197 1
10 2198 1
23 2199 1
24 2199 1
4 2199 1
35 2199 1
36 2199 1
10 2199 1
5 2199 1
17 2199 1
16 2199 1
6 2199 1
27 2199 1
2 2199 1
3 2199 1
9 2199 1
18 2199 1
7 2199 1
19 2199 1
11 2199 1
4 2200 1
20 2201 1
14 2201 1
11 2201 1
0 2202 1
28 2202 1
11 2203 1
9 2204 1
11 2204 1
12 2205 1
11 2205 1
22 2206 1
27 2206 1
2 2206 1
18 2206 1
1 2206 1
18 2207 1
7 2207 1
26 2208 1
30 2209 1
4 2209 1
36 2209 1
10 2209 1
29 2209 1
20 2209 1
22 2209 1
9 2209 1
42 2209 1
23 2210 1
24 2210 1
10 2210 1
5 2210 1
12 2210 1
17 2210 1
16 2210 1
27 2210 1
2 2210 1
9 2210 1
14 2210 1
31 2210 1
18 2210 1
7 2210 1
0 2211 1
12 2212 1
0 2213 1
24 2213 1
28 2213 1
5 2213 1
17 2213 1
16 2213 1
6 2213 1
2 2213 1
3 2213 1
14 2213 1
18 2213 1
1 2213 1
19 2213 1
11 2213 1
8 2214 1
24 2215 1
4 2215 1
28 2215 1
21 2215 1
10 2215 1
29 2215 1
22 2215 1
12 2215 1
2 2215 1
9 2215 1
31 2215 1
8 2215 1
42 2215 1
26 2215 1
11 2215 1
21 2216 1
10 2217 1
8 2217 1
11 2218 1
8 2219 1
2 2220 1
8 2220 1
11 2221 1
23 2222 1
24 2222 1
4 2222 1
45 2222 1
37 2222 1
21 2222 1
10 2222 1
40 2222 1
5 2222 1
12 2222 1
34 2222 1
17 2222 1
16 2222 1
6 2222 1
27 2222 1
2 2222 1
9 2222 1
31 2222 1
19 2222 1
41 2222 1
10 2223 1
0 2224 1
9 2224 1
13 2225 1
24 2226 1
4 2226 1
21 2226 1
20 2226 1
22 2226 1
17 2226 1
2 2226 1
9 2226 1
16 2227 1
2 2227 1
14 2227 1
10 2228 1
20 2228 1
22 2228 1
6 2228 1
27 2228 1
3 2228 1
7 2228 1
19 2228 1
11 2228 1
11 2229 1
2 2230 1
4 2231 1
25 2232 1
12 2232 1
1 2232 1
11 2232 1
12 2233 1
6 2233 1
2 2233 1
23 2234 1
28 2234 1
25 2234 1
21 2234 1
36 2234 1
10 2234 1
5 2234 1
17 2234 1
2 2234 1
3 2234 1
9 2234 1
33 2234 1
11 2234 1
6 2235 1
11 2235 1
10 2236 1
47 2237 1
0 2238 1
23 2239 1
0 2239 1
24 2239 1
28 2239 1
25 2239 1
21 2239 1
10 2239 1
5 2239 1
12 2239 1
6 2239 1
27 2239 1
2 2239 1
9 2239 1
14 2239 1
19 2239 1
11 2239 1
12 2240 1
21 2241 1
2 2242 1
10 2243 1
18 2243 1
7 2243 1
0 2244 1
9 2244 1
23 2245 1
0 2245 1
24 2245 1
25 2245 1
10 2245 1
5 2245 1
12 2245 1
17 2245 1
16 2245 1
2 2245 1
1 2245 1
11 2245 1
11 2246 1
10 2247 1
2 2247 1
1 2247 1
28 2248 1
44 2248 1
8 2248 1
10 2249 1
14 2249 1
8 2249 1
26 2249 1
0 2250 1
25 2250 1
27 2250 1
2 2250 1
18 2250 1
1 2251 1
9 2252 1
11 2252 1
0 2253 1
25 2253 1
5 2253 1
12 2253 1
16 2253 1
2 2253 1
14 2253 1
8 2253 1
11 2253 1
26 2254 1
21 2255 1
9 2255 1
2 2256 1
1 2257 1
24 2258 1
4 2258 1
21 2258 1
16 2258 1
6 2258 1
27 2258 1
11 2258 1
21 2259 1
28 2260 1
25 2260 1
12 2260 1
8 2261 1
0 2262 1
28 2262 1
21 2262 1
1 2263 1
5 2264 1
17 2265 1
8 2265 1
26 2265 1
1 2266 1
44 2267 1
14 2267 1
21 2268 1
25 2269 1
5 2269 1
2 2269 1
11 2269 1
12 2270 1
31 2270 1
11 2270 1
24 2271 1
44 2271 1
37 2271 1
5 2271 1
6 2271 1
2 2271 1
9 2271 1
13 2271 1
14 2271 1
1 2271 1
11 2271 1
23 2272 1
0 2272 1
22 2272 1
12 2272 1
6 2272 1
27 2272 1
2 2272 1
3 2272 1
13 2272 1
31 2272 1
8 2272 1
38 2273 1
25 2273 1
14 2273 1
1 2273 1
26 2273 1
36 2274 1
11 2275 1
2 2276 1
26 2277 1
38 2278 1
23 2278 1
24 2278 1
4 2278 1
25 2278 1
21 2278 1
10 2278 1
5 2278 1
12 2278 1
6 2278 1
2 2278 1
9 2278 1
14 2278 1
1 2278 1
19 2278 1
8 2278 1
26 2278 1
11 2278 1
27 2279 1
2 2279 1
28 2280 1
21 2280 1
0 2281 1
31 2282 1
5 2283 1
14 2284 1
1 2284 1
1 2285 1
30 2286 1
24 2286 1
37 2286 1
10 2286 1
20 2286 1
5 2286 1
12 2286 1
17 2286 1
6 2286 1
27 2286 1
9 2286 1
13 2286 1
31 2286 1
1 2286 1
11 2286 1
24 2287 1
25 2287 1
5 2287 1
12 2287 1
17 2287 1
6 2287 1
2 2287 1
14 2287 1
1 2287 1
11 2287 1
9 2288 1
22 2289 1
23 2290 1
0 2290 1
5 2291 1
12 2291 1
6 2291 1
9 2291 1
11 2291 1
23 2292 1
21 2292 1
10 2292 1
39 2292 1
5 2292 1
12 2292 1
27 2292 1
2 2292 1
9 2292 1
13 2292 1
14 2292 1
19 2292 1
21 2293 1
41 2293 1
53 2294 1
21 2295 1
10 2295 1
12 2296 1
1 2296 1
1 2297 1
11 2297 1
25 2298 1
6 2298 1
24 2299 1
12 2299 1
6 2299 1
1 2299 1
11 2299 1
23 2300 1
28 2300 1
25 2300 1
12 2300 1
3 2300 1
14 2300 1
7 2300 1
19 2300 1
11 2300 1
25 2301 1
37 2301 1
12 2301 1
6 2301 1
11 2301 1
14 2302 1
1 2302 1
8 2302 1
9 2303 1
24 2304 1
9 2305 1
38 2306 1
23 2306 1
4 2306 1
36 2306 1
10 2306 1
39 2306 1
5 2306 1
12 2306 1
17 2306 1
16 2306 1
6 2306 1
2 2306 1
9 2306 1
13 2306 1
14 2306 1
31 2306 1
15 2306 1
1 2306 1
19 2306 1
41 2306 1
8 2306 1
26 2306 1
11 2306 1
5 2307 1
14 2308 1
10 2309 1
9 2310 1
24 2311 1
25 2311 1
12 2311 1
17 2311 1
16 2311 1
2 2311 1
13 2311 1
14 2311 1
1 2311 1
11 2311 1
5 2312 1
2 2312 1
1 2313 1
11 2313 1
23 2314 1
0 2314 1
4 2314 1
28 2314 1
35 2314 1
21 2314 1
36 2314 1
10 2314 1
12 2314 1
6 2314 1
27 2314 1
2 2314 1
9 2314 1
13 2314 1
14 2314 1
19 2314 1
41 2314 1
33 2314 1
11 2314 1
0 2315 1
11 2316 1
12 2317 1
6 2317 1
9 2317 1
14 2317 1
25 2318 1
12 2318 1
2 2318 1
1 2318 1
32 2319 1
1 2320 1
28 2321 1
12 2321 1
3 2321 1
28 2322 1
21 2323 1
9 2323 1
4 2324 1
10 2324 1
5 2324 1
17 2324 1
2 2324 1
9 2324 1
24 2325 1
4 2325 1
28 2325 1
35 2325 1
21 2325 1
10 2325 1
5 2325 1
16 2325 1
2 2325 1
9 2325 1
13 2325 1
19 2325 1
33 2325 1
11 2325 1
24 2326 1
4 2326 1
28 2326 1
5 2326 1
17 2326 1
6 2326 1
27 2326 1
2 2326 1
9 2326 1
31 2326 1
1 2326 1
33 2326 1
11 2326 1
24 2327 1
4 2327 1
16 2327 1
2 2327 1
12 2328 1
23 2329 1
2 2329 1
3 2330 1
21 2331 1
28 2332 1
4 2333 1
21 2333 1
5 2333 1
17 2333 1
2 2333 1
8 2333 1
23 2334 1
21 2334 1
5 2334 1
16 2334 1
2 2334 1
9 2334 1
19 2334 1
41 2334 1
0 2335 1
5 2335 1
17 2335 1
2 2335 1
9 2335 1
19 2335 1
10 2336 1
21 2337 1
23 2338 1
21 2338 1
10 2338 1
5 2338 1
17 2338 1
2 2338 1
0 2339 1
2 2340 1
2 2341 1
18 2341 1
8 2341 1
26 2341 1
24 2342 1
4 2342 1
21 2342 1
12 2342 1
14 2342 1
33 2342 1
11 2342 1
23 2343 1
28 2343 1
10 2343 1
20 2343 1
22 2343 1
16 2343 1
23 2344 1
6 2344 1
2 2344 1
13 2344 1
11 2344 1
10 2345 1
12 2345 1
1 2345 1
23 2346 1
24 2346 1
4 2346 1
25 2346 1
10 2346 1
5 2346 1
17 2346 1
16 2346 1
6 2346 1
2 2346 1
14 2346 1
31 2346 1
1 2346 1
11 2346 1
4 2347 1
23 2348 1
28 2348 1
35 2348 1
21 2348 1
10 2348 1
5 2348 1
12 2348 1
17 2348 1
16 2348 1
27 2348 1
2 2348 1
3 2348 1
9 2348 1
13 2348 1
14 2348 1
19 2348 1
33 2348 1
26 2348 1
25 2349 1
2 2349 1
12 2350 1
17 2351 1
12 2352 1
1 2352 1
11 2353 1
10 2354 1
5 2354 1
2 2355 1
26 2355 1
45 2356 1
14 2357 1
1 2357 1
8 2357 1
23 2358 1
0 2358 1
24 2358 1
44 2358 1
5 2358 1
2 2358 1
3 2358 1
19 2358 1
21 2359 1
5 2359 1
9 2360 1
