500 3174
356 126
355 133
483 127
296 130
263 125
472 125
483 132
283 27
457 136
262 135
356 135
498 140
467 123
377 130
381 132
393 124
366 128
355 137
480 132
290 131
373 140
280 123
469 140
259 127
355 128
393 127
298 130
379 126
496 124
292 134
299 137
493 128
475 137
256 127
297 133
455 128
480 128
359 128
294 127
463 126
453 17
481 140
298 131
376 126
388 133
298 126
454 141
487 140
376 127
462 137
359 127
361 128
257 137
375 135
468 132
459 132
364 140
367 132
266 133
293 130
468 128
468 130
456 134
469 128
396 19
485 124
484 17
451 131
372 132
383 129
451 123
487 123
483 136
376 139
277 139
470 133
475 136
389 124
462 17
361 131
355 136
359 131
357 123
278 139
286 125
451 142
294 132
290 136
256 137
280 126
253 140
378 127
275 133
370 131
386 127
476 128
398 135
257 130
274 124
493 124
475 130
251 128
295 130
498 134
396 126
298 127
392 131
381 136
480 127
380 127
393 123
452 125
452 138
473 142
458 141
453 123
356 19
482 134
261 128
351 123
483 17
363 123
369 136
487 141
274 130
375 127
367 139
479 17
291 127
269 142
399 131
487 124
397 124
272 138
290 140
357 141
497 134
365 127
399 141
389 127
292 137
295 132
280 133
486 132
386 123
473 130
495 17
356 123
278 129
395 139
364 131
271 138
273 128
475 126
284 133
457 133
499 128
254 134
371 139
453 134
382 142
456 128
388 123
276 132
362 141
485 129
463 17
486 133
469 134
285 140
251 129
254 129
258 142
392 126
388 19
281 131
268 134
387 129
255 135
468 123
288 138
291 132
466 129
269 127
383 136
362 133
455 135
494 140
289 138
462 139
385 129
471 141
288 141
265 137
372 139
251 142
453 126
483 130
481 133
252 27
492 138
398 134
452 137
284 131
281 128
488 138
386 136
370 140
489 129
388 140
289 129
356 124
385 133
463 125
350 136
472 135
469 123
452 17
350 142
390 134
266 129
365 128
496 141
453 139
261 142
376 135
255 133
299 133
453 132
478 137
251 126
463 137
253 129
495 130
490 141
396 130
480 140
472 134
391 133
486 127
471 129
292 127
293 128
471 142
474 126
380 138
284 142
352 129
297 132
396 132
395 142
492 132
486 17
490 136
287 27
356 127
369 134
474 17
266 140
360 124
258 131
291 138
292 130
378 142
363 128
482 124
271 127
375 138
379 131
393 137
362 130
454 130
467 132
499 137
296 131
374 19
270 131
267 125
461 127
264 128
500 126
287 127
277 133
494 132
464 142
354 134
384 132
297 123
287 123
353 142
295 139
454 142
493 133
290 134
352 130
383 134
500 135
251 138
496 137
458 140
280 137
254 137
478 127
393 133
368 124
357 124
457 124
458 124
396 142
397 140
299 135
474 128
297 128
377 125
256 125
371 137
375 128
278 123
382 134
259 124
395 130
456 132
471 131
361 139
372 124
279 139
377 128
291 129
396 138
468 17
484 142
461 136
360 130
291 125
459 133
469 131
487 130
385 136
363 132
273 134
282 124
298 138
467 131
256 136
287 124
354 124
293 141
252 137
367 128
391 141
259 142
276 27
260 133
270 130
293 27
294 124
280 125
451 138
295 27
295 136
450 137
285 132
360 127
380 135
392 127
387 137
265 127
286 139
464 125
488 132
376 130
482 127
264 131
283 124
375 141
388 128
490 128
474 133
284 137
265 142
297 129
361 127
291 128
392 139
491 129
464 135
473 131
458 17
386 124
271 140
477 132
450 135
390 138
258 141
492 125
492 127
461 140
492 142
273 135
269 136
385 132
498 133
452 132
298 142
254 135
499 127
383 137
491 138
398 140
394 129
269 137
279 130
268 128
500 142
258 126
465 140
265 135
290 133
391 123
476 127
266 138
264 129
259 126
251 132
259 140
352 19
287 130
454 131
355 123
361 132
367 131
475 129
463 140
374 130
476 125
361 129
365 19
258 123
472 140
368 131
367 124
278 140
473 126
380 132
299 124
291 134
289 137
465 129
479 131
282 132
474 124
291 126
282 126
263 133
377 132
493 125
496 132
353 123
484 129
262 138
396 128
259 132
392 129
369 137
351 128
274 140
262 131
261 136
352 134
351 135
488 131
472 129
464 130
462 138
259 27
372 131
461 130
269 123
490 123
497 137
275 135
253 132
383 132
462 141
254 126
366 136
250 27
465 135
368 139
292 136
458 136
378 134
260 125
353 141
386 130
368 137
459 134
363 131
377 136
367 135
255 131
257 136
257 127
362 136
257 134
499 135
264 140
464 131
263 127
271 141
464 141
462 129
350 124
468 131
480 139
371 128
353 130
492 126
460 135
499 140
372 127
490 17
455 133
271 124
399 133
254 141
393 135
469 136
472 126
295 137
376 142
279 27
489 125
350 125
490 142
496 127
285 125
483 135
384 123
263 134
251 27
453 137
250 141
351 139
390 135
380 142
457 130
461 141
362 134
278 127
498 123
354 129
372 141
499 132
471 138
470 135
374 135
267 130
286 135
363 126
262 139
491 141
467 129
286 136
273 123
488 142
456 123
282 136
489 141
270 135
473 124
488 134
389 130
377 135
290 123
283 141
361 126
290 27
358 132
285 141
479 126
296 134
453 131
397 137
379 134
362 124
258 133
371 126
292 140
456 136
281 132
280 136
267 127
476 135
361 136
265 138
295 129
454 128
276 140
460 127
365 131
465 123
396 125
294 140
372 133
270 134
261 132
384 134
478 135
484 133
299 136
296 141
270 142
363 135
399 134
471 130
352 142
383 142
276 131
472 132
397 131
253 135
271 137
292 129
258 130
499 136
297 27
296 139
288 126
358 127
285 27
398 133
382 125
395 137
294 136
481 141
471 124
450 133
274 129
376 129
488 133
463 141
296 132
366 137
266 139
278 137
269 131
257 124
387 142
369 142
277 127
274 136
375 130
253 137
376 128
366 133
467 17
270 124
479 135
451 129
272 141
257 139
262 133
386 138
490 140
368 128
288 136
267 141
253 27
358 141
475 141
469 141
274 132
280 129
262 132
396 124
482 136
279 140
385 131
264 142
377 142
286 123
477 129
356 139
360 19
482 135
496 130
387 136
370 135
260 128
493 140
474 125
465 133
279 132
269 133
475 139
355 139
461 123
455 134
476 123
355 134
269 27
275 134
396 127
281 140
274 125
492 124
455 126
259 137
279 138
397 135
459 135
260 124
263 129
262 129
499 138
398 136
450 127
472 142
470 136
387 130
394 142
477 17
286 142
359 123
272 129
351 125
359 133
452 139
463 123
267 124
351 134
283 140
363 139
385 19
488 141
392 142
293 124
367 137
392 132
494 123
380 123
296 128
290 137
391 130
357 126
457 126
454 123
475 17
396 137
457 135
354 142
384 129
399 139
353 135
467 124
272 130
298 139
454 133
253 126
287 132
398 125
451 134
455 123
458 125
479 124
464 17
273 139
390 128
277 137
291 136
461 131
294 141
390 19
292 142
351 127
470 125
492 131
265 139
482 125
292 128
288 127
253 123
290 132
361 141
364 134
386 19
280 141
471 17
258 127
381 141
357 19
285 124
350 126
254 125
293 132
254 131
460 17
361 123
465 141
258 136
354 19
270 133
383 126
460 142
384 127
285 142
272 136
496 129
374 136
253 134
456 133
393 19
484 139
389 135
500 127
393 126
359 142
389 137
294 137
375 124
361 140
374 140
494 138
263 138
298 132
482 139
294 134
391 129
382 139
466 138
388 135
294 135
392 125
460 139
261 131
281 123
493 136
463 127
498 130
480 137
287 139
461 133
256 128
490 134
463 132
262 130
251 135
283 129
396 140
388 139
279 137
370 137
468 124
280 128
260 141
360 134
381 131
356 136
265 128
253 136
276 135
367 129
364 139
299 138
260 126
467 128
384 19
473 134
289 142
399 136
387 135
379 141
465 136
389 132
253 131
467 135
288 132
279 133
462 126
380 131
451 126
465 132
457 123
458 135
472 136
396 139
499 130
450 140
469 129
467 134
359 135
470 128
481 131
354 131
382 129
367 130
475 125
362 142
470 141
277 123
473 136
499 131
389 133
500 138
484 136
468 127
275 132
495 127
481 125
456 142
484 140
470 126
276 124
374 125
269 125
282 138
364 123
289 136
260 136
372 134
373 141
366 129
353 132
383 128
376 125
466 133
493 132
293 136
287 138
466 123
282 130
488 124
394 139
486 134
470 132
269 132
399 124
484 124
286 126
473 139
480 123
456 129
298 123
479 128
273 137
251 141
274 126
479 130
394 128
388 138
375 123
394 138
489 133
392 141
252 136
460 128
478 132
383 131
388 142
272 123
267 133
274 128
492 139
291 124
498 142
369 141
258 125
458 126
354 132
253 128
454 139
370 127
297 142
473 129
367 142
488 140
478 17
399 19
497 136
463 135
266 136
281 135
459 141
291 140
270 128
263 135
391 132
486 137
452 131
389 126
468 140
463 129
469 124
376 141
456 140
478 142
487 142
373 137
497 132
283 127
287 131
467 130
451 124
297 127
293 129
462 124
477 136
268 131
491 125
395 138
494 127
495 131
462 135
354 136
474 135
256 129
373 142
261 123
455 127
454 136
258 138
500 137
481 17
476 142
357 131
472 137
270 136
391 124
369 129
472 124
254 142
259 138
462 127
498 139
292 141
389 125
288 140
275 124
277 132
381 133
390 139
276 139
273 131
286 130
453 133
278 130
291 141
373 130
488 130
272 135
360 129
272 127
295 141
269 130
373 19
483 133
365 123
266 132
476 133
387 134
352 138
481 139
392 128
389 142
387 139
258 124
484 128
256 132
256 131
469 17
381 134
466 140
496 139
475 123
284 135
451 128
473 140
480 133
497 140
251 125
498 138
464 126
494 124
471 123
294 123
259 123
364 130
396 135
494 126
272 139
389 128
385 139
283 134
287 136
263 27
358 130
353 139
299 125
271 136
254 133
390 125
495 133
264 27
459 125
389 141
481 129
470 123
453 128
474 138
381 138
386 134
374 127
466 134
295 123
366 142
290 138
354 135
379 124
297 125
498 125
261 133
284 139
485 141
281 138
285 126
292 135
267 27
456 135
355 132
389 136
267 138
276 125
489 127
296 136
451 136
494 130
455 17
483 137
284 129
477 131
353 138
499 133
466 137
379 136
380 137
270 132
493 134
456 126
362 135
485 125
477 142
285 136
285 131
477 126
496 135
358 142
392 123
257 128
492 123
295 140
486 139
273 130
477 139
378 133
293 142
273 140
496 138
299 140
268 138
473 133
483 142
457 127
357 142
475 124
458 127
479 133
251 137
481 126
491 123
293 139
397 128
267 136
263 128
493 141
391 127
267 132
394 132
468 142
252 135
359 140
476 141
250 138
494 128
255 126
493 142
253 141
255 142
251 136
368 129
472 141
393 141
497 135
353 124
455 124
282 137
463 138
483 141
458 133
500 139
394 19
497 126
464 134
487 137
392 124
286 128
452 127
359 134
351 140
264 137
255 141
393 134
271 123
355 142
253 124
482 129
355 131
358 135
451 132
350 138
268 124
363 140
297 139
379 138
460 141
392 19
478 139
268 123
374 139
378 137
356 138
492 136
289 126
388 126
483 131
492 141
350 128
259 125
365 138
283 138
354 141
453 130
366 131
271 134
461 134
460 125
271 128
465 137
464 140
362 123
360 125
461 142
398 19
394 136
259 131
455 140
486 142
264 139
380 141
269 129
293 134
361 133
368 136
395 19
292 123
467 141
281 134
499 142
292 131
275 123
452 126
380 126
393 136
298 125
394 140
282 123
466 136
358 136
388 136
387 123
374 129
360 123
290 126
373 129
370 123
288 135
468 125
256 138
281 27
280 135
450 134
290 129
386 137
260 127
289 124
259 134
270 140
373 131
490 137
479 138
453 142
365 132
475 128
468 126
366 132
267 129
266 126
365 137
486 138
271 129
372 138
298 140
397 139
485 138
390 123
268 125
274 133
261 130
463 134
495 123
390 133
489 128
255 129
494 142
490 135
382 138
289 140
465 139
367 133
462 142
481 123
373 133
489 140
280 139
486 136
283 133
291 137
464 123
475 138
460 123
479 132
482 141
458 128
472 130
388 129
399 127
370 134
383 140
379 139
252 123
363 134
395 140
284 125
477 128
269 138
500 134
395 128
270 138
382 140
351 136
281 133
497 124
486 129
386 128
365 124
387 132
486 125
359 141
381 125
453 129
372 125
483 129
370 136
384 135
484 134
474 127
373 134
250 133
257 133
487 132
383 19
279 141
367 19
398 137
488 129
294 27
493 139
275 128
293 137
376 140
457 138
252 130
486 128
352 128
459 142
250 131
392 130
299 131
456 141
376 123
296 129
491 17
392 134
354 139
263 126
269 135
279 129
386 140
470 127
387 128
463 133
271 132
350 131
454 129
375 126
264 125
266 131
280 140
459 128
490 131
279 136
260 129
268 127
485 128
480 126
286 131
389 140
252 133
284 134
361 124
457 134
454 140
468 135
375 139
377 137
499 17
352 132
475 142
498 137
273 124
365 136
297 126
359 124
499 134
290 128
284 136
373 126
371 130
497 139
358 134
452 134
260 142
491 124
487 17
389 134
377 134
477 123
478 128
499 141
479 142
495 132
261 126
498 131
258 128
359 130
355 141
482 140
467 139
287 140
259 139
384 138
371 131
264 132
377 133
278 133
283 131
366 130
287 129
276 127
251 139
279 128
391 140
257 132
296 27
283 142
387 133
369 131
466 142
467 125
296 137
260 137
488 128
500 129
378 125
371 135
391 136
281 141
382 141
263 137
275 141
494 133
360 141
472 17
483 138
272 27
282 134
356 128
495 139
271 126
294 142
478 131
487 126
270 125
386 129
273 129
282 129
462 125
284 124
493 126
272 134
475 135
366 134
395 131
286 129
357 128
265 124
278 136
261 138
386 125
497 133
351 137
470 140
377 129
484 141
491 126
357 135
476 130
462 136
261 124
381 142
364 132
498 129
465 126
492 134
277 134
283 135
290 139
476 132
279 142
458 129
369 130
497 141
492 129
373 139
391 142
469 133
463 139
393 138
371 142
299 130
378 130
394 124
479 137
451 130
280 27
391 135
460 137
363 133
360 136
464 127
485 17
280 130
476 138
264 138
380 130
272 132
275 130
288 142
455 139
375 129
366 139
293 133
286 140
270 126
469 139
290 130
380 136
500 125
382 135
259 135
351 124
491 139
358 139
464 136
293 131
256 126
283 137
397 130
471 136
279 124
355 129
375 125
451 141
27 19
477 140
299 27
295 142
473 135
294 133
375 140
371 141
497 123
485 131
398 123
269 134
385 135
473 123
266 142
465 128
498 127
260 123
264 136
388 127
366 140
381 128
357 137
470 17
391 128
386 126
497 128
292 126
470 134
390 127
485 135
252 140
485 130
494 139
361 135
455 125
386 133
383 135
396 131
463 124
255 132
351 138
277 140
464 139
285 127
485 134
285 134
488 135
284 126
354 130
255 125
256 135
370 130
456 130
252 138
260 130
380 128
288 131
476 131
380 125
291 139
369 140
465 124
379 128
352 135
363 124
379 137
298 136
276 134
465 134
470 131
450 141
250 127
485 137
366 141
279 126
452 140
364 135
275 27
368 140
491 133
384 139
294 129
292 27
364 133
476 126
451 140
355 126
386 141
17 19
377 141
297 136
255 137
290 135
262 27
385 140
370 133
271 27
488 127
380 140
354 138
393 132
499 123
362 137
356 140
500 123
494 136
452 124
254 124
467 133
500 136
387 141
298 124
387 125
356 133
255 127
265 132
395 125
382 126
388 137
373 132
483 139
378 19
274 141
361 142
256 134
389 129
490 124
373 136
499 126
383 141
350 134
278 138
289 123
266 137
350 123
476 129
393 125
366 127
487 135
286 137
351 129
388 132
261 127
460 124
474 130
351 19
453 141
273 141
284 140
366 124
494 125
377 138
382 136
256 130
294 130
383 125
372 137
469 126
363 130
353 134
483 128
466 130
372 19
259 141
350 19
376 124
280 124
460 126
293 138
354 123
250 140
376 134
281 127
289 134
282 131
487 125
288 137
278 126
250 124
259 129
254 123
291 27
455 131
492 128
488 123
268 142
382 123
367 126
285 130
384 142
271 142
271 135
287 128
290 141
462 130
455 136
284 132
352 123
383 133
470 130
354 126
278 125
391 125
352 127
485 142
289 132
471 139
272 131
393 139
280 132
395 124
467 126
293 135
299 126
353 133
394 130
383 127
362 132
381 123
277 125
457 137
267 128
378 123
479 125
498 132
457 141
487 138
17 27
281 142
468 138
374 124
287 133
379 130
288 134
268 141
477 130
392 133
382 132
459 124
263 141
360 132
395 132
260 134
385 141
398 128
387 127
352 136
363 127
467 142
478 130
267 142
295 124
478 141
486 135
392 136
496 125
277 131
493 130
382 137
374 131
465 125
369 139
360 131
494 17
395 123
482 128
485 136
277 138
362 127
491 137
253 139
370 141
359 139
366 125
257 141
298 141
251 123
496 131
359 132
375 133
450 138
483 134
262 137
397 133
298 133
377 140
291 135
471 133
458 137
396 129
451 17
352 126
451 137
455 141
456 125
397 123
397 141
372 140
292 125
491 130
500 133
389 138
468 137
459 136
391 138
388 130
487 127
477 141
358 140
492 133
385 125
353 131
262 125
261 27
394 125
352 141
472 127
287 125
273 138
494 131
468 136
262 141
474 132
252 126
481 132
266 125
370 126
371 124
452 129
454 17
355 127
278 132
460 131
268 133
264 130
289 27
391 131
477 137
494 134
363 137
256 142
477 133
298 27
283 136
268 132
458 130
289 127
387 126
464 138
481 136
485 140
390 142
351 142
372 136
374 137
274 127
295 127
292 132
273 132
353 19
357 133
386 142
257 123
454 132
268 137
487 134
288 129
488 125
459 17
478 129
296 133
261 125
365 135
473 137
268 139
459 139
292 138
490 138
266 128
256 140
491 140
285 135
461 124
460 130
376 19
485 126
492 137
252 139
266 27
493 127
265 131
354 137
463 142
265 136
270 139
371 132
374 142
279 127
394 137
397 132
364 128
259 136
266 124
474 140
267 134
357 138
381 124
460 138
480 142
256 123
451 139
497 131
466 131
464 128
379 129
289 128
352 133
298 128
360 128
394 135
268 126
399 140
257 125
278 141
457 128
364 19
473 17
480 124
398 141
468 141
398 127
393 142
390 130
498 141
283 128
467 138
399 128
471 126
480 125
397 129
262 127
262 128
277 126
483 125
385 127
368 135
470 137
399 129
477 125
359 129
456 139
462 128
495 129
393 128
489 142
385 124
268 140
356 141
276 128
399 142
278 131
362 131
264 134
277 129
258 27
360 139
489 139
451 135
352 140
263 123
374 138
458 123
275 140
466 17
378 139
270 137
384 128
286 132
254 132
476 17
364 142
285 139
459 130
266 123
474 134
464 132
367 127
268 130
283 123
270 123
295 138
500 140
373 128
466 128
374 134
255 138
350 140
483 123
350 130
364 138
385 123
393 129
265 133
490 127
269 140
496 126
272 125
288 123
357 125
495 142
293 127
273 136
379 133
461 17
384 141
397 127
399 138
381 135
354 125
487 136
285 129
273 27
255 27
251 131
261 137
293 126
398 130
478 124
450 124
376 138
370 138
489 132
255 128
395 133
465 131
473 138
479 129
291 123
379 123
296 125
375 142
352 139
296 127
490 125
380 129
363 142
272 137
368 132
257 126
482 131
258 135
459 138
486 141
473 125
350 133
484 126
395 127
491 136
267 139
295 133
372 123
296 123
475 134
287 135
500 141
278 135
363 125
490 129
381 19
391 126
264 127
360 140
354 140
478 138
374 132
371 125
393 131
476 139
385 130
295 131
382 133
490 133
462 134
453 127
299 127
256 133
375 136
475 132
367 141
264 135
473 141
461 126
494 135
272 140
378 140
493 17
270 27
481 138
297 131
252 142
250 125
451 127
387 131
268 135
376 131
250 135
489 17
472 131
371 133
474 131
282 141
270 129
490 132
397 126
480 17
462 131
284 27
371 123
461 135
274 138
294 131
380 134
275 127
498 135
460 133
297 141
454 138
495 141
268 136
466 126
500 130
390 140
364 125
475 133
388 124
383 124
262 123
373 124
352 124
490 126
281 136
390 126
255 123
496 17
267 137
500 17
452 123
379 127
398 139
499 124
392 138
262 126
453 136
380 19
252 125
396 133
454 125
278 134
356 142
293 125
350 141
353 125
457 139
289 139
478 125
250 142
267 123
477 127
450 128
386 132
388 125
368 134
377 139
492 140
389 19
482 137
369 133
252 131
475 131
260 132
497 142
399 125
484 130
470 142
353 137
387 19
385 138
268 129
252 134
463 130
288 130
457 17
269 141
381 139
450 131
466 124
477 134
478 134
493 135
398 142
296 138
359 125
366 138
358 124
379 140
273 133
470 139
359 137
467 127
471 140
362 128
479 139
369 124
281 139
489 124
250 126
256 139
472 139
253 138
278 128
363 129
452 142
474 142
461 139
264 126
381 130
284 138
286 133
262 134
471 135
392 137
377 19
398 129
382 131
265 141
461 137
294 138
467 137
355 125
499 125
276 133
286 134
458 134
275 137
264 123
281 129
453 124
279 135
495 126
465 138
286 141
356 125
457 131
495 124
489 123
397 125
454 127
497 138
395 126
455 142
356 131
457 132
457 125
371 129
460 136
358 126
491 131
396 141
382 128
460 140
260 139
267 131
486 131
294 125
478 136
279 125
478 140
398 131
474 136
487 133
251 130
485 127
355 138
362 126
484 138
254 139
500 128
273 125
276 123
254 130
382 130
486 126
260 138
299 139
379 142
276 141
270 127
261 140
469 127
288 125
284 123
394 133
291 130
490 130
284 130
371 136
370 129
384 124
482 126
481 124
268 27
364 141
282 127
384 126
482 138
384 133
296 142
496 136
364 136
471 137
462 140
366 123
497 129
372 126
382 127
296 140
383 139
372 135
485 133
254 136
369 127
357 132
261 141
468 133
283 126
252 127
374 133
385 128
255 136
362 139
379 19
276 130
362 19
360 133
357 129
490 139
496 142
450 136
458 132
480 130
399 130
355 19
358 129
468 134
251 127
398 138
263 136
370 132
464 137
480 134
371 134
375 19
368 130
460 134
452 135
387 124
390 132
376 132
387 138
277 136
250 129
353 126
298 137
457 129
485 132
265 134
356 132
357 140
274 27
250 123
461 138
381 127
491 135
390 131
472 133
380 139
471 134
378 141
265 126
271 139
256 124
267 126
369 138
295 125
375 137
275 125
278 124
497 130
495 128
258 140
360 142
456 138
351 131
269 124
482 130
379 132
283 132
471 132
368 133
351 132
480 138
499 129
498 136
299 142
377 123
366 19
356 129
276 126
275 139
482 17
392 135
285 138
299 134
369 126
480 129
361 130
274 137
285 128
498 128
352 131
466 132
450 125
260 27
276 136
359 19
294 128
362 138
289 130
277 141
500 132
285 137
299 129
454 135
252 141
276 142
369 125
461 129
273 126
282 139
486 130
375 134
390 137
479 123
267 140
255 139
461 132
456 127
364 126
467 140
485 139
454 137
351 126
359 126
450 130
458 139
299 141
363 138
499 139
465 127
370 128
357 130
361 137
365 140
399 123
251 124
257 27
460 129
263 142
256 141
275 129
282 27
284 128
469 135
395 136
258 129
476 137
277 27
359 136
473 132
394 127
276 138
399 137
261 135
482 132
279 134
281 126
480 141
397 136
281 124
462 133
255 140
450 123
479 136
257 129
474 137
480 131
488 17
377 124
291 131
358 123
280 131
476 140
294 139
362 140
396 123
378 129
356 137
390 136
353 140
371 127
265 140
296 135
476 134
281 125
262 124
395 134
259 133
479 127
297 134
379 125
365 125
366 126
488 126
380 124
462 123
487 128
255 124
252 129
368 127
450 126
358 125
263 139
375 132
298 129
365 141
271 131
394 131
276 129
481 128
386 131
452 130
466 127
368 141
284 141
500 124
296 124
367 140
374 126
292 139
289 133
261 129
481 130
453 140
391 137
352 125
286 138
466 139
477 135
489 134
459 137
470 129
263 130
457 140
398 126
477 124
482 123
363 19
458 142
489 137
466 135
450 139
279 123
494 129
289 131
285 133
384 130
460 132
250 136
360 137
461 125
264 133
397 19
484 135
484 123
453 138
279 131
385 142
274 142
469 138
464 124
374 123
500 131
350 127
475 127
368 142
484 137
375 131
459 126
287 137
370 19
266 135
378 136
272 142
250 130
496 133
389 123
275 142
286 124
381 126
280 138
463 131
286 27
262 142
354 133
368 126
356 134
350 139
271 133
382 124
455 130
376 133
397 142
282 133
291 133
495 137
479 140
394 126
484 127
367 136
287 141
355 124
372 142
474 141
260 135
369 19
368 19
358 133
275 126
350 137
385 126
254 138
254 27
373 138
493 137
471 127
358 137
495 134
493 138
260 140
482 142
357 139
290 142
270 141
372 129
261 139
362 129
295 128
256 27
282 142
355 130
350 135
489 130
384 136
390 141
398 132
274 134
250 134
399 135
450 142
497 17
391 139
289 125
283 130
491 142
385 137
480 135
382 19
390 129
358 131
290 125
367 125
464 129
495 140
353 136
355 140
494 141
396 134
288 139
450 129
273 142
378 138
288 128
376 137
352 137
350 129
391 19
457 142
290 124
384 140
481 135
258 139
371 19
451 133
454 134
386 135
497 127
361 134
384 125
252 132
362 125
474 129
461 128
356 130
476 136
378 126
277 130
493 123
465 142
373 125
472 128
495 138
255 130
295 135
299 128
277 128
459 140
259 128
278 27
451 125
370 124
381 137
250 137
266 134
266 127
383 130
265 129
484 132
489 138
462 132
257 135
253 142
474 123
479 141
399 132
255 134
254 140
292 133
397 138
455 137
272 128
491 132
495 125
265 125
387 140
481 127
297 135
250 128
394 134
487 131
495 136
365 134
288 27
363 136
483 126
283 139
390 124
472 138
371 138
253 127
455 129
468 139
378 128
489 136
280 142
486 124
391 134
482 133
266 141
393 130
293 140
368 123
297 124
452 133
287 126
298 134
295 134
257 140
258 137
353 129
389 131
497 125
392 140
487 129
251 134
491 127
459 129
369 128
395 141
374 141
454 124
250 139
257 142
378 124
388 131
468 129
379 135
394 141
480 136
469 125
370 142
253 133
280 127
376 136
478 126
498 126
359 138
273 127
282 135
250 132
389 139
357 134
378 135
263 131
289 141
372 130
481 137
258 134
488 136
265 123
452 136
274 139
467 136
351 133
487 139
489 135
299 123
296 126
251 133
285 123
257 131
265 27
453 135
274 135
453 125
481 134
262 136
282 125
257 138
360 135
298 135
475 140
469 132
395 129
365 126
456 124
252 124
470 124
489 126
458 138
274 131
358 19
252 128
266 130
466 125
290 127
479 134
398 124
363 141
380 133
281 130
366 135
369 123
388 134
264 124
473 127
493 131
478 123
454 126
484 131
276 137
450 132
456 137
271 130
299 132
289 135
253 130
361 125
282 140
471 125
283 125
383 138
263 132
459 123
478 133
365 129
456 17
399 126
253 125
271 125
396 136
354 128
456 131
272 133
463 128
469 130
258 132
358 128
496 123
369 135
286 127
377 126
465 17
370 139
351 141
495 135
278 142
492 17
353 128
481 142
365 142
264 141
274 123
395 135
368 125
491 134
355 135
292 124
393 140
486 123
459 131
465 130
297 130
269 128
297 138
483 124
275 138
367 134
489 131
450 17
371 140
488 139
267 135
373 123
377 131
297 140
483 140
378 131
470 138
254 128
287 142
488 137
492 135
367 138
288 133
350 132
260 131
295 126
277 142
368 138
384 131
353 127
354 127
452 128
485 123
272 124
364 127
386 139
466 141
452 141
383 123
291 142
357 127
493 129
263 140
262 140
357 136
385 134
455 132
464 133
496 140
394 123
486 140
474 139
367 123
471 128
365 133
455 138
491 128
259 130
261 134
378 132
269 139
297 137
477 138
277 135
287 134
384 137
275 131
364 137
459 127
374 128
364 124
496 128
284 127
370 125
293 123
469 137
361 138
365 139
373 135
281 137
263 124
381 129
473 128
388 141
364 129
269 126
498 17
280 134
254 127
282 128
484 125
251 140
351 130
294 126
372 128
361 19
472 123
373 127
358 138
369 132
469 142
492 130
463 136
381 140
397 134
496 134
360 126
458 131
494 137
288 124
498 124
360 138
377 127
277 124
272 126
365 130
275 136
265 130
476 124
