OPT: 546 2443 3301 4115 5192 5203 6894 7181 7720 11727 11821 14692 15313 17757 18634 19555 22756 24198 29424 33470 
Total influence spread: 819.105
Greedy: 546 760 2443 3301 4115 5192 5203 6894 7181 7720 12330 14692 15313 17757 18634 19555 22756 24198 29424 33470 
Total influence spread: 819.784
Optimal Hints Spread: 820.02
OPT: 546 760 2443 3301 4115 5192 5203 6760 6894 7181 7720 11821 12330 14692 15313 18634 19555 22756 24198 29424 33470 
Total influence spread: 850.964
Greedy: 546 760 2443 3301 4115 5192 5203 6760 6894 7181 7720 12330 14692 15313 17757 18634 19555 22756 24198 29424 33470 
Total influence spread: 851.291
Optimal Hints Spread: 851.756
