2020 4715
179 1195 1
198 1195 1
237 1195 1
560 1195 1
569 1195 1
0 1306 1
341 1306 1
472 1306 1
551 1306 1
606 1306 1
98 1346 1
184 1346 1
248 1346 1
618 1346 1
839 1346 1
95 1344 1
241 1344 1
341 1344 1
491 1344 1
635 1344 1
92 1188 1
197 1188 1
219 1188 1
307 1188 1
611 1188 1
31 1086 1
133 1086 1
330 1086 1
416 1086 1
612 1086 1
105 1115 1
113 1115 1
276 1115 1
399 1115 1
416 1115 1
161 1150 1
340 1150 1
341 1150 1
409 1150 1
483 1150 1
153 1370 1
282 1370 1
540 1370 1
698 1370 1
792 1370 1
49 1116 1
137 1116 1
362 1116 1
462 1116 1
537 1116 1
139 1149 1
455 1149 1
479 1149 1
552 1149 1
572 1149 1
56 1381 1
120 1381 1
245 1381 1
507 1381 1
731 1381 1
52 1135 1
214 1135 1
242 1135 1
299 1135 1
553 1135 1
101 1214 1
214 1214 1
270 1214 1
503 1214 1
656 1214 1
621 1197 1
688 1197 1
727 1197 1
787 1197 1
831 1197 1
34 1208 1
236 1208 1
237 1208 1
267 1208 1
417 1208 1
24 1324 1
95 1324 1
103 1324 1
148 1324 1
354 1324 1
99 1191 1
133 1191 1
180 1191 1
311 1191 1
569 1191 1
157 1186 1
219 1186 1
702 1186 1
365 1186 1
545 1186 1
579 1134 1
99 1134 1
409 1134 1
494 1134 1
511 1134 1
31 1252 1
150 1252 1
153 1252 1
283 1252 1
463 1252 1
157 1079 1
304 1079 1
312 1079 1
408 1079 1
542 1079 1
66 1230 1
157 1230 1
468 1230 1
483 1230 1
671 1230 1
66 1323 1
237 1323 1
258 1323 1
334 1323 1
539 1323 1
52 1128 1
86 1128 1
157 1128 1
186 1128 1
655 1128 1
490 1192 1
1 1192 1
49 1192 1
189 1192 1
606 1192 1
153 1393 1
360 1393 1
374 1393 1
49 1393 1
818 1393 1
31 1154 1
49 1154 1
78 1154 1
101 1154 1
208 1154 1
797 1312 1
139 1312 1
282 1312 1
290 1312 1
399 1312 1
0 1363 1
282 1363 1
322 1363 1
545 1363 1
577 1363 1
108 1359 1
137 1359 1
236 1359 1
239 1359 1
785 1359 1
652 1156 1
660 1156 1
139 1156 1
153 1156 1
339 1156 1
98 1232 1
157 1232 1
249 1232 1
389 1232 1
606 1232 1
0 1354 1
48 1354 1
282 1354 1
517 1354 1
665 1354 1
262 1351 1
327 1351 1
367 1351 1
469 1351 1
563 1351 1
205 1212 1
644 1212 1
648 1212 1
803 1212 1
897 1212 1
82 1314 1
214 1314 1
272 1314 1
409 1314 1
419 1314 1
7 1102 1
26 1102 1
54 1102 1
219 1102 1
419 1102 1
1 1403 1
60 1403 1
175 1403 1
469 1403 1
706 1403 1
139 1382 1
241 1382 1
274 1382 1
621 1382 1
650 1382 1
5 1171 1
252 1171 1
281 1171 1
350 1171 1
566 1171 1
17 1132 1
57 1132 1
102 1132 1
112 1132 1
397 1132 1
64 1175 1
91 1175 1
237 1175 1
377 1175 1
538 1175 1
112 1169 1
154 1169 1
298 1169 1
421 1169 1
428 1169 1
24 1277 1
49 1277 1
189 1277 1
197 1277 1
660 1277 1
72 1365 1
189 1365 1
274 1365 1
606 1365 1
726 1365 1
389 1318 1
1 1318 1
481 1318 1
618 1318 1
659 1318 1
101 1302 1
342 1302 1
399 1302 1
450 1302 1
688 1302 1
103 1182 1
214 1182 1
325 1182 1
350 1182 1
614 1182 1
240 1106 1
339 1106 1
504 1106 1
560 1106 1
722 1106 1
22 1356 1
161 1356 1
312 1356 1
341 1356 1
590 1356 1
91 1200 1
322 1200 1
444 1200 1
587 1200 1
682 1200 1
49 1326 1
101 1326 1
237 1326 1
269 1326 1
746 1326 1
43 1207 1
139 1207 1
347 1207 1
558 1207 1
660 1207 1
22 1422 1
23 1422 1
141 1422 1
156 1422 1
215 1422 1
12 1196 1
161 1196 1
242 1196 1
374 1196 1
421 1196 1
40 1138 1
156 1138 1
312 1138 1
371 1138 1
567 1138 1
49 1165 1
130 1165 1
139 1165 1
270 1165 1
312 1165 1
53 1129 1
94 1129 1
314 1129 1
453 1129 1
470 1129 1
66 1137 1
96 1137 1
252 1137 1
320 1137 1
594 1137 1
157 1248 1
745 1248 1
98 1248 1
184 1248 1
563 1248 1
100 1087 1
157 1087 1
340 1087 1
468 1087 1
555 1087 1
49 1104 1
298 1104 1
375 1104 1
570 1104 1
577 1104 1
58 1259 1
236 1259 1
342 1259 1
566 1259 1
576 1259 1
53 1263 1
66 1263 1
267 1263 1
507 1263 1
558 1263 1
52 1190 1
120 1190 1
341 1190 1
347 1190 1
563 1190 1
136 1378 1
208 1378 1
237 1378 1
382 1378 1
775 1378 1
77 1184 1
157 1184 1
185 1184 1
282 1184 1
341 1184 1
101 1243 1
139 1243 1
214 1243 1
257 1243 1
290 1243 1
57 1213 1
135 1213 1
153 1213 1
182 1213 1
397 1213 1
214 1355 1
215 1355 1
292 1355 1
339 1355 1
646 1355 1
66 1130 1
112 1130 1
237 1130 1
340 1130 1
748 1130 1
5 1270 1
189 1270 1
238 1270 1
290 1270 1
587 1270 1
657 1374 1
130 1374 1
316 1374 1
606 1374 1
618 1374 1
99 1287 1
263 1287 1
280 1287 1
339 1287 1
808 1287 1
5 1340 1
49 1340 1
118 1340 1
660 1340 1
704 1340 1
5 1234 1
91 1234 1
112 1234 1
239 1234 1
319 1234 1
464 1290 1
77 1290 1
375 1290 1
653 1290 1
677 1290 1
30 1286 1
49 1286 1
282 1286 1
446 1286 1
662 1286 1
49 1189 1
96 1189 1
138 1189 1
242 1189 1
679 1189 1
31 1126 1
86 1126 1
199 1126 1
203 1126 1
567 1126 1
101 1172 1
237 1172 1
350 1172 1
397 1172 1
742 1172 1
6 1204 1
151 1204 1
229 1204 1
333 1204 1
490 1204 1
6 1176 1
290 1176 1
343 1176 1
663 1176 1
672 1176 1
270 1179 1
342 1179 1
458 1179 1
527 1179 1
662 1179 1
157 1397 1
512 1397 1
701 1397 1
765 1397 1
784 1397 1
53 1131 1
145 1131 1
229 1131 1
330 1131 1
333 1131 1
583 1369 1
595 1369 1
634 1369 1
782 1369 1
809 1369 1
30 1320 1
166 1320 1
267 1320 1
349 1320 1
727 1320 1
31 1157 1
86 1157 1
92 1157 1
405 1157 1
437 1157 1
6 1209 1
57 1209 1
112 1209 1
534 1209 1
716 1209 1
31 1142 1
303 1142 1
374 1142 1
508 1142 1
606 1142 1
173 1309 1
295 1309 1
24 1309 1
68 1309 1
477 1309 1
184 1167 1
330 1167 1
350 1167 1
366 1167 1
550 1167 1
24 1101 1
101 1101 1
120 1101 1
133 1101 1
312 1101 1
237 1268 1
239 1268 1
365 1268 1
476 1268 1
740 1268 1
12 1110 1
182 1110 1
215 1110 1
541 1110 1
592 1110 1
108 1380 1
527 1380 1
533 1380 1
570 1380 1
879 1380 1
47 1123 1
52 1123 1
87 1123 1
341 1123 1
347 1123 1
535 1219 1
698 1219 1
316 1219 1
551 1219 1
606 1219 1
341 1238 1
374 1238 1
377 1238 1
546 1238 1
77 1238 1
104 1103 1
112 1103 1
179 1103 1
215 1103 1
304 1103 1
177 1361 1
214 1361 1
341 1361 1
364 1361 1
565 1361 1
1 1244 1
52 1244 1
115 1244 1
354 1244 1
446 1244 1
451 1353 1
1 1353 1
157 1353 1
606 1353 1
701 1353 1
34 1330 1
53 1330 1
71 1330 1
166 1330 1
507 1330 1
157 1294 1
481 1294 1
446 1294 1
618 1294 1
770 1294 1
58 1317 1
89 1317 1
133 1317 1
148 1317 1
188 1317 1
112 1258 1
157 1258 1
351 1258 1
436 1258 1
585 1258 1
229 1164 1
310 1164 1
523 1164 1
419 1164 1
606 1164 1
606 1266 1
618 1266 1
1 1266 1
316 1266 1
446 1266 1
343 1240 1
551 1240 1
584 1240 1
632 1240 1
676 1240 1
43 1223 1
226 1223 1
364 1223 1
657 1223 1
793 1223 1
49 1260 1
251 1260 1
281 1260 1
447 1260 1
741 1260 1
29 1083 1
138 1083 1
189 1083 1
365 1083 1
656 1083 1
139 1269 1
212 1269 1
342 1269 1
508 1269 1
606 1269 1
52 1262 1
68 1262 1
136 1262 1
139 1262 1
341 1262 1
101 1291 1
113 1291 1
339 1291 1
439 1291 1
450 1291 1
12 1097 1
77 1097 1
90 1097 1
92 1097 1
601 1097 1
712 1364 1
58 1364 1
86 1364 1
157 1364 1
282 1364 1
9 1181 1
31 1181 1
133 1181 1
423 1181 1
455 1181 1
16 1093 1
256 1093 1
314 1093 1
391 1093 1
619 1093 1
71 1227 1
110 1227 1
118 1227 1
462 1227 1
661 1227 1
801 1327 1
88 1327 1
227 1327 1
350 1327 1
752 1327 1
199 1203 1
254 1203 1
296 1203 1
459 1203 1
496 1203 1
573 1280 1
606 1280 1
694 1280 1
697 1280 1
784 1280 1
76 1146 1
175 1146 1
563 1146 1
573 1146 1
671 1146 1
36 1168 1
56 1168 1
452 1168 1
528 1168 1
590 1168 1
1 1276 1
130 1276 1
446 1276 1
282 1276 1
616 1276 1
29 1193 1
80 1193 1
113 1193 1
261 1193 1
633 1193 1
49 1278 1
115 1278 1
133 1278 1
282 1278 1
606 1278 1
148 1405 1
662 1405 1
214 1405 1
359 1405 1
841 1405 1
316 1241 1
688 1241 1
130 1241 1
157 1241 1
263 1241 1
68 1254 1
175 1254 1
255 1254 1
606 1254 1
657 1254 1
95 1155 1
172 1155 1
182 1155 1
303 1155 1
31 1155 1
49 1342 1
58 1342 1
133 1342 1
282 1342 1
660 1342 1
22 1264 1
25 1264 1
112 1264 1
417 1264 1
563 1264 1
31 1136 1
49 1136 1
64 1136 1
174 1136 1
533 1136 1
49 1398 1
189 1398 1
241 1398 1
709 1398 1
1006 1398 1
343 1321 1
504 1321 1
653 1321 1
241 1321 1
282 1321 1
17 1315 1
157 1315 1
371 1315 1
490 1315 1
589 1315 1
4 1249 1
52 1249 1
271 1249 1
274 1249 1
303 1249 1
184 1335 1
274 1335 1
321 1335 1
534 1335 1
606 1335 1
219 1246 1
237 1246 1
521 1246 1
606 1246 1
653 1246 1
77 1153 1
214 1153 1
409 1153 1
500 1153 1
599 1153 1
117 1311 1
130 1311 1
429 1311 1
534 1311 1
900 1311 1
40 1352 1
115 1352 1
205 1352 1
389 1352 1
583 1352 1
161 1202 1
180 1202 1
391 1202 1
538 1202 1
696 1202 1
481 1328 1
747 1328 1
282 1328 1
446 1328 1
606 1328 1
30 1299 1
52 1299 1
139 1299 1
189 1299 1
339 1299 1
63 1206 1
188 1206 1
267 1206 1
290 1206 1
547 1206 1
83 1284 1
97 1284 1
100 1284 1
130 1284 1
309 1284 1
157 1333 1
214 1333 1
237 1333 1
238 1333 1
340 1333 1
78 1233 1
281 1233 1
287 1233 1
340 1233 1
341 1233 1
389 1183 1
504 1183 1
248 1183 1
282 1183 1
632 1183 1
185 1313 1
267 1313 1
342 1313 1
508 1313 1
578 1313 1
24 1111 1
141 1111 1
148 1111 1
189 1111 1
354 1111 1
174 1228 1
365 1228 1
459 1228 1
591 1228 1
729 1228 1
8 1310 1
117 1310 1
189 1310 1
268 1310 1
380 1310 1
29 1105 1
101 1105 1
214 1105 1
247 1105 1
252 1105 1
130 1201 1
179 1201 1
316 1201 1
551 1201 1
660 1201 1
374 1151 1
556 1151 1
240 1151 1
324 1151 1
341 1151 1
199 1400 1
214 1400 1
237 1400 1
507 1400 1
551 1400 1
97 1273 1
140 1273 1
490 1273 1
606 1273 1
716 1273 1
52 1304 1
68 1304 1
157 1304 1
543 1304 1
550 1304 1
51 1081 1
98 1081 1
144 1081 1
259 1081 1
563 1081 1
199 1098 1
218 1098 1
358 1098 1
691 1098 1
767 1098 1
86 1163 1
87 1163 1
103 1163 1
253 1163 1
410 1163 1
36 1408 1
52 1408 1
161 1408 1
236 1408 1
262 1408 1
117 1237 1
243 1237 1
259 1237 1
389 1237 1
657 1237 1
43 1293 1
139 1293 1
389 1293 1
606 1293 1
130 1293 1
145 1185 1
176 1185 1
557 1185 1
575 1185 1
251 1185 1
0 1297 1
95 1297 1
98 1297 1
144 1297 1
282 1297 1
247 1174 1
286 1174 1
316 1174 1
428 1174 1
469 1174 1
99 1332 1
174 1332 1
189 1332 1
237 1332 1
242 1332 1
49 1329 1
130 1329 1
341 1329 1
451 1329 1
481 1329 1
214 1250 1
215 1250 1
281 1250 1
340 1250 1
447 1250 1
60 1124 1
66 1124 1
89 1124 1
374 1124 1
495 1124 1
130 1343 1
157 1343 1
316 1343 1
551 1343 1
721 1343 1
207 1255 1
292 1255 1
374 1255 1
555 1255 1
590 1255 1
208 1112 1
347 1112 1
374 1112 1
77 1112 1
86 1112 1
57 1275 1
125 1275 1
161 1275 1
191 1275 1
364 1275 1
17 1389 1
110 1389 1
145 1389 1
174 1389 1
436 1389 1
9 1239 1
45 1239 1
49 1239 1
108 1239 1
248 1239 1
189 1298 1
267 1298 1
432 1298 1
444 1298 1
446 1298 1
51 1078 1
301 1078 1
438 1078 1
629 1078 1
681 1078 1
66 1236 1
237 1236 1
445 1236 1
518 1236 1
570 1236 1
56 1301 1
102 1301 1
208 1301 1
209 1301 1
401 1301 1
59 1140 1
214 1140 1
228 1140 1
267 1140 1
331 1140 1
1 1322 1
77 1322 1
120 1322 1
130 1322 1
606 1322 1
375 1247 1
9 1247 1
316 1247 1
551 1247 1
606 1247 1
1 1218 1
49 1218 1
157 1218 1
377 1218 1
830 1218 1
49 1222 1
110 1222 1
189 1222 1
191 1222 1
269 1222 1
189 1094 1
214 1094 1
228 1094 1
290 1094 1
533 1094 1
49 1316 1
52 1316 1
100 1316 1
325 1316 1
550 1316 1
282 1077 1
395 1077 1
401 1077 1
488 1077 1
645 1077 1
58 1253 1
102 1253 1
303 1253 1
421 1253 1
483 1253 1
118 1162 1
238 1162 1
251 1162 1
310 1162 1
450 1162 1
0 1336 1
139 1336 1
282 1336 1
339 1336 1
570 1336 1
12 1089 1
40 1089 1
102 1089 1
160 1089 1
199 1089 1
451 1118 1
458 1118 1
463 1118 1
606 1118 1
660 1118 1
157 1337 1
239 1337 1
446 1337 1
566 1337 1
574 1337 1
48 1251 1
52 1251 1
60 1251 1
73 1251 1
341 1251 1
389 1357 1
429 1357 1
618 1357 1
709 1357 1
748 1357 1
274 1307 1
316 1307 1
343 1307 1
551 1307 1
657 1307 1
1 1339 1
60 1339 1
316 1339 1
606 1339 1
721 1339 1
174 1198 1
199 1198 1
219 1198 1
342 1198 1
695 1198 1
33 1305 1
166 1305 1
267 1305 1
330 1305 1
488 1305 1
24 1367 1
189 1367 1
341 1367 1
462 1367 1
472 1367 1
17 1090 1
238 1090 1
245 1090 1
507 1090 1
565 1090 1
10 1379 1
57 1379 1
242 1379 1
269 1379 1
679 1379 1
92 1349 1
139 1349 1
267 1349 1
269 1349 1
565 1349 1
141 1180 1
161 1180 1
170 1180 1
290 1180 1
312 1180 1
96 1217 1
103 1217 1
447 1217 1
467 1217 1
611 1217 1
50 1242 1
57 1242 1
103 1242 1
251 1242 1
387 1242 1
53 1158 1
101 1158 1
191 1158 1
290 1158 1
417 1158 1
97 1285 1
112 1285 1
229 1285 1
409 1285 1
593 1285 1
93 1226 1
251 1226 1
290 1226 1
566 1226 1
890 1226 1
100 1225 1
242 1225 1
446 1225 1
447 1225 1
538 1225 1
632 1334 1
60 1334 1
282 1334 1
446 1334 1
563 1334 1
139 1271 1
161 1271 1
170 1271 1
199 1271 1
298 1271 1
115 1147 1
118 1147 1
312 1147 1
409 1147 1
474 1147 1
77 1139 1
153 1139 1
166 1139 1
191 1139 1
639 1139 1
199 1091 1
258 1091 1
387 1091 1
409 1091 1
507 1091 1
77 1108 1
78 1108 1
161 1108 1
492 1108 1
678 1108 1
0 1295 1
31 1295 1
133 1295 1
271 1295 1
455 1295 1
148 1347 1
208 1347 1
394 1347 1
480 1347 1
602 1347 1
72 1384 1
130 1384 1
282 1384 1
606 1384 1
1067 1384 1
804 1211 1
1 1211 1
212 1211 1
571 1211 1
634 1211 1
40 1279 1
276 1279 1
333 1279 1
347 1279 1
505 1279 1
579 1281 1
824 1281 1
120 1281 1
364 1281 1
712 1281 1
174 1199 1
236 1199 1
281 1199 1
435 1199 1
476 1199 1
101 1216 1
170 1216 1
179 1216 1
238 1216 1
737 1216 1
236 1096 1
254 1096 1
365 1096 1
686 1096 1
749 1096 1
89 1272 1
135 1272 1
391 1272 1
483 1272 1
545 1272 1
282 1256 1
433 1256 1
434 1256 1
437 1256 1
739 1256 1
49 1166 1
125 1166 1
251 1166 1
663 1166 1
751 1166 1
374 1375 1
563 1375 1
787 1375 1
153 1375 1
282 1375 1
34 1261 1
130 1261 1
379 1261 1
420 1261 1
482 1261 1
60 1245 1
130 1245 1
375 1245 1
571 1245 1
606 1245 1
606 1143 1
60 1143 1
115 1143 1
282 1143 1
653 1143 1
45 1121 1
481 1121 1
635 1121 1
736 1121 1
738 1121 1
111 1141 1
403 1141 1
483 1141 1
524 1141 1
575 1141 1
88 1080 1
215 1080 1
319 1080 1
642 1080 1
700 1080 1
52 1288 1
341 1288 1
763 1288 1
380 1288 1
509 1288 1
44 1120 1
197 1120 1
207 1120 1
277 1120 1
581 1120 1
83 1371 1
237 1371 1
341 1371 1
432 1371 1
452 1371 1
140 1308 1
189 1308 1
233 1308 1
251 1308 1
339 1308 1
46 1122 1
156 1122 1
206 1122 1
227 1122 1
662 1122 1
78 1159 1
113 1159 1
237 1159 1
328 1159 1
453 1159 1
11 1125 1
22 1125 1
100 1125 1
251 1125 1
341 1125 1
24 1348 1
49 1348 1
89 1348 1
139 1348 1
455 1348 1
7 1084 1
174 1084 1
233 1084 1
251 1084 1
542 1084 1
101 1144 1
218 1144 1
341 1144 1
507 1144 1
606 1144 1
29 1319 1
31 1319 1
523 1319 1
539 1319 1
652 1319 1
9 1194 1
86 1194 1
302 1194 1
309 1194 1
540 1194 1
49 1265 1
322 1265 1
341 1265 1
660 1265 1
692 1265 1
175 1383 1
255 1383 1
357 1383 1
606 1383 1
702 1383 1
111 1178 1
238 1178 1
290 1178 1
508 1178 1
606 1178 1
638 1127 1
657 1127 1
707 1127 1
719 1127 1
855 1127 1
205 1368 1
506 1368 1
618 1368 1
707 1368 1
820 1368 1
21 1173 1
199 1173 1
237 1173 1
270 1173 1
487 1173 1
70 1257 1
130 1257 1
135 1257 1
303 1257 1
533 1257 1
113 1170 1
137 1170 1
204 1170 1
339 1170 1
361 1170 1
77 1161 1
153 1161 1
203 1161 1
347 1161 1
563 1161 1
240 1373 1
606 1373 1
662 1373 1
49 1373 1
89 1373 1
81 1148 1
239 1148 1
341 1148 1
450 1148 1
538 1148 1
5 1187 1
174 1187 1
219 1187 1
538 1187 1
679 1187 1
30 1177 1
288 1177 1
335 1177 1
381 1177 1
462 1177 1
31 1235 1
86 1235 1
283 1235 1
452 1235 1
576 1235 1
100 1160 1
330 1160 1
342 1160 1
409 1160 1
592 1160 1
5 1205 1
185 1205 1
189 1205 1
290 1205 1
581 1205 1
248 1421 1
504 1421 1
634 1421 1
139 1421 1
770 1421 1
86 1300 1
89 1300 1
175 1300 1
295 1300 1
341 1300 1
6 1224 1
31 1224 1
228 1224 1
303 1224 1
533 1224 1
5 1114 1
52 1114 1
135 1114 1
237 1114 1
238 1114 1
253 1338 1
567 1338 1
613 1338 1
141 1338 1
282 1338 1
36 1113 1
312 1113 1
409 1113 1
446 1113 1
729 1113 1
88 1152 1
206 1152 1
350 1152 1
479 1152 1
482 1152 1
189 1282 1
227 1282 1
308 1282 1
380 1282 1
551 1282 1
756 1274 1
40 1274 1
72 1274 1
175 1274 1
263 1274 1
60 1289 1
446 1289 1
1 1289 1
43 1289 1
157 1289 1
50 1292 1
270 1292 1
304 1292 1
388 1292 1
611 1292 1
130 1117 1
139 1117 1
184 1117 1
241 1117 1
375 1117 1
60 1267 1
103 1267 1
354 1267 1
606 1267 1
756 1267 1
11 1088 1
60 1088 1
123 1088 1
219 1088 1
281 1088 1
24 1119 1
43 1119 1
95 1119 1
227 1119 1
652 1119 1
53 1283 1
130 1283 1
179 1283 1
189 1283 1
627 1283 1
97 1366 1
208 1366 1
352 1366 1
546 1366 1
87 1366 1
56 1109 1
57 1109 1
301 1109 1
341 1109 1
760 1109 1
22 1095 1
68 1095 1
208 1095 1
431 1095 1
561 1095 1
101 1133 1
112 1133 1
227 1133 1
399 1133 1
660 1133 1
99 1145 1
118 1145 1
236 1145 1
239 1145 1
450 1145 1
36 1210 1
60 1210 1
189 1210 1
263 1210 1
298 1210 1
174 1215 1
209 1215 1
325 1215 1
381 1215 1
636 1215 1
12 1231 1
59 1231 1
236 1231 1
240 1231 1
552 1231 1
9 1221 1
89 1221 1
282 1221 1
433 1221 1
641 1221 1
77 1082 1
91 1082 1
99 1082 1
365 1082 1
718 1082 1
166 1099 1
189 1099 1
292 1099 1
354 1099 1
462 1099 1
573 1399 1
221 1399 1
724 1399 1
782 1399 1
810 1399 1
99 1107 1
101 1107 1
156 1107 1
161 1107 1
179 1107 1
157 1229 1
897 1229 1
104 1229 1
263 1229 1
375 1229 1
93 1092 1
191 1092 1
254 1092 1
303 1092 1
419 1092 1
263 1345 1
77 1345 1
153 1345 1
563 1345 1
606 1345 1
66 1085 1
174 1085 1
234 1085 1
341 1085 1
646 1085 1
0 1296 1
133 1296 1
446 1296 1
570 1296 1
632 1296 1
157 1220 1
215 1220 1
301 1220 1
312 1220 1
606 1220 1
47 1100 1
153 1100 1
342 1100 1
376 1100 1
718 1100 1
822 1411 1
157 1411 1
534 1411 1
657 1411 1
707 1411 1
10 1350 1
40 1350 1
133 1350 1
295 1350 1
570 1350 1
31 1303 1
114 1303 1
161 1303 1
458 1303 1
590 1303 1
218 1331 1
530 1331 1
578 1331 1
607 1331 1
610 1331 1
102 1325 1
334 1325 1
516 1325 1
537 1325 1
679 1325 1
26 1341 1
401 1341 1
432 1341 1
705 1341 1
712 1341 1
1 1358 1
322 1358 1
450 1358 1
481 1358 1
641 1358 1
31 1360 1
459 1360 1
503 1360 1
744 1360 1
788 1360 1
117 1414 1
534 1414 1
563 1414 1
175 1414 1
337 1414 1
10 1362 1
105 1362 1
245 1362 1
267 1362 1
685 1362 1
1 1376 1
633 1376 1
653 1376 1
262 1376 1
606 1376 1
145 1386 1
207 1386 1
312 1386 1
333 1386 1
338 1386 1
174 1372 1
655 1372 1
679 1372 1
757 1372 1
835 1372 1
38 1391 1
125 1391 1
267 1391 1
341 1391 1
661 1391 1
189 1377 1
371 1377 1
409 1377 1
458 1377 1
811 1377 1
120 1404 1
153 1404 1
175 1404 1
621 1404 1
810 1404 1
5 1385 1
145 1385 1
252 1385 1
437 1385 1
447 1385 1
62 1387 1
99 1387 1
199 1387 1
341 1387 1
349 1387 1
29 1388 1
310 1388 1
455 1388 1
499 1388 1
661 1388 1
100 1390 1
310 1390 1
533 1390 1
663 1390 1
686 1390 1
709 1396 1
1 1396 1
130 1396 1
148 1396 1
662 1396 1
3 1392 1
181 1392 1
242 1392 1
328 1392 1
678 1392 1
191 1394 1
325 1394 1
376 1394 1
481 1394 1
692 1394 1
65 1395 1
76 1395 1
182 1395 1
377 1395 1
693 1395 1
33 1401 1
284 1401 1
316 1401 1
424 1401 1
551 1401 1
36 1402 1
49 1402 1
641 1402 1
692 1402 1
742 1402 1
104 1407 1
184 1407 1
563 1407 1
618 1407 1
770 1407 1
88 1406 1
166 1406 1
280 1406 1
559 1406 1
843 1406 1
12 1445 1
118 1445 1
347 1445 1
374 1445 1
436 1445 1
180 1409 1
239 1409 1
254 1409 1
488 1409 1
575 1409 1
100 1410 1
233 1410 1
290 1410 1
339 1410 1
728 1410 1
6 1413 1
24 1413 1
136 1413 1
489 1413 1
492 1413 1
389 1415 1
653 1415 1
676 1415 1
707 1415 1
924 1415 1
60 1412 1
100 1412 1
281 1412 1
334 1412 1
764 1412 1
59 1416 1
89 1416 1
118 1416 1
229 1416 1
395 1416 1
200 1417 1
281 1417 1
488 1417 1
632 1417 1
750 1417 1
103 1418 1
170 1418 1
312 1418 1
462 1418 1
472 1418 1
218 1419 1
246 1419 1
254 1419 1
262 1419 1
291 1419 1
22 1420 1
156 1420 1
350 1420 1
409 1420 1
545 1420 1
60 1424 1
368 1424 1
415 1424 1
606 1424 1
755 1424 1
59 1423 1
188 1423 1
377 1423 1
462 1423 1
660 1423 1
101 1437 1
282 1437 1
457 1437 1
574 1437 1
587 1437 1
115 1426 1
259 1426 1
262 1426 1
606 1426 1
638 1426 1
161 1428 1
200 1428 1
215 1428 1
251 1428 1
340 1428 1
48 1477 1
130 1477 1
157 1477 1
282 1477 1
551 1477 1
0 1425 1
9 1425 1
281 1425 1
462 1425 1
753 1425 1
832 1431 1
60 1431 1
282 1431 1
504 1431 1
784 1431 1
130 1434 1
157 1434 1
274 1434 1
606 1434 1
716 1434 1
12 1433 1
23 1433 1
490 1433 1
637 1433 1
657 1433 1
100 1427 1
199 1427 1
503 1427 1
575 1427 1
901 1427 1
153 1450 1
180 1450 1
208 1450 1
282 1450 1
606 1450 1
133 1429 1
254 1429 1
267 1429 1
483 1429 1
731 1429 1
49 1435 1
270 1435 1
282 1435 1
344 1435 1
458 1435 1
1 1432 1
274 1432 1
337 1432 1
584 1432 1
716 1432 1
234 1430 1
417 1430 1
538 1430 1
577 1430 1
758 1430 1
72 1457 1
446 1457 1
95 1457 1
282 1457 1
664 1457 1
60 1436 1
220 1436 1
248 1436 1
354 1436 1
375 1436 1
344 1447 1
463 1447 1
599 1447 1
774 1447 1
796 1447 1
49 1438 1
214 1438 1
298 1438 1
315 1438 1
400 1438 1
44 1439 1
315 1439 1
326 1439 1
606 1439 1
839 1439 1
52 1458 1
161 1458 1
263 1458 1
341 1458 1
538 1458 1
6 1442 1
10 1442 1
93 1442 1
785 1442 1
918 1442 1
31 1440 1
77 1440 1
156 1440 1
488 1440 1
507 1440 1
61 1444 1
113 1444 1
251 1444 1
703 1444 1
768 1444 1
46 1441 1
88 1441 1
598 1441 1
753 1441 1
769 1441 1
113 1443 1
340 1443 1
454 1443 1
490 1443 1
731 1443 1
829 1449 1
1 1449 1
29 1449 1
251 1449 1
344 1449 1
348 1466 1
31 1466 1
89 1466 1
233 1466 1
446 1466 1
31 1448 1
34 1448 1
60 1448 1
88 1448 1
606 1448 1
1 1446 1
328 1446 1
334 1446 1
343 1446 1
435 1446 1
179 1451 1
228 1451 1
303 1451 1
349 1451 1
365 1451 1
215 1452 1
282 1452 1
290 1452 1
459 1452 1
656 1452 1
256 1453 1
334 1453 1
341 1453 1
575 1453 1
642 1453 1
5 1455 1
214 1455 1
508 1455 1
742 1455 1
854 1455 1
5 1462 1
9 1462 1
36 1462 1
248 1462 1
488 1462 1
1 1475 1
130 1475 1
343 1475 1
551 1475 1
606 1475 1
5 1454 1
514 1454 1
524 1454 1
786 1454 1
833 1454 1
341 1460 1
58 1460 1
140 1460 1
189 1460 1
622 1460 1
38 1456 1
113 1456 1
214 1456 1
577 1456 1
812 1456 1
72 1459 1
140 1459 1
606 1459 1
657 1459 1
702 1459 1
223 1461 1
276 1461 1
416 1461 1
714 1461 1
715 1461 1
40 1463 1
49 1463 1
89 1463 1
364 1463 1
779 1463 1
64 1468 1
214 1468 1
238 1468 1
267 1468 1
508 1468 1
1 1465 1
71 1465 1
94 1465 1
185 1465 1
447 1465 1
290 1464 1
539 1464 1
678 1464 1
778 1464 1
845 1464 1
101 1467 1
182 1467 1
200 1467 1
326 1467 1
645 1467 1
101 1476 1
161 1476 1
316 1476 1
403 1476 1
867 1476 1
707 1472 1
823 1472 1
12 1472 1
374 1472 1
589 1472 1
185 1470 1
208 1470 1
214 1470 1
236 1470 1
587 1470 1
57 1469 1
191 1469 1
228 1469 1
341 1469 1
785 1469 1
53 1471 1
339 1471 1
346 1471 1
397 1471 1
712 1471 1
248 1480 1
563 1480 1
721 1480 1
157 1480 1
606 1480 1
22 1473 1
53 1473 1
245 1473 1
484 1473 1
545 1473 1
78 1474 1
103 1474 1
125 1474 1
170 1474 1
189 1474 1
120 1478 1
175 1478 1
208 1478 1
374 1478 1
511 1478 1
446 1484 1
72 1484 1
327 1484 1
409 1484 1
606 1484 1
118 1479 1
161 1479 1
304 1479 1
333 1479 1
401 1479 1
170 1481 1
199 1481 1
335 1481 1
740 1481 1
846 1481 1
101 1482 1
214 1482 1
312 1482 1
319 1482 1
344 1482 1
1 1487 1
175 1487 1
316 1487 1
451 1487 1
504 1487 1
78 1483 1
125 1483 1
341 1483 1
445 1483 1
692 1483 1
282 1488 1
316 1488 1
551 1488 1
446 1488 1
606 1488 1
6 1489 1
161 1489 1
270 1489 1
304 1489 1
350 1489 1
199 1491 1
208 1491 1
214 1491 1
312 1491 1
499 1491 1
52 1485 1
89 1485 1
241 1485 1
662 1485 1
709 1485 1
1 1526 1
4 1526 1
49 1526 1
130 1526 1
157 1526 1
98 1496 1
112 1496 1
214 1496 1
508 1496 1
850 1496 1
28 1486 1
130 1486 1
333 1486 1
490 1486 1
625 1486 1
53 1490 1
112 1490 1
227 1490 1
237 1490 1
590 1490 1
60 1501 1
157 1501 1
274 1501 1
446 1501 1
925 1501 1
236 1495 1
254 1495 1
312 1495 1
537 1495 1
632 1495 1
49 1492 1
89 1492 1
472 1492 1
528 1492 1
906 1492 1
154 1504 1
215 1504 1
319 1504 1
335 1504 1
340 1504 1
63 1493 1
113 1493 1
141 1493 1
261 1493 1
660 1493 1
1 1497 1
130 1497 1
157 1497 1
455 1497 1
660 1497 1
89 1502 1
95 1502 1
144 1502 1
343 1502 1
455 1502 1
12 1494 1
161 1494 1
214 1494 1
263 1494 1
339 1494 1
36 1507 1
78 1507 1
269 1507 1
552 1507 1
791 1507 1
367 1500 1
523 1500 1
549 1500 1
822 1500 1
856 1500 1
72 1499 1
115 1499 1
442 1499 1
563 1499 1
606 1499 1
9 1498 1
199 1498 1
338 1498 1
387 1498 1
483 1498 1
31 1509 1
77 1509 1
454 1509 1
524 1509 1
912 1509 1
175 1513 1
282 1513 1
563 1513 1
756 1513 1
95 1513 1
77 1503 1
316 1503 1
324 1503 1
341 1503 1
539 1503 1
1 1506 1
34 1506 1
320 1506 1
341 1506 1
587 1506 1
25 1510 1
176 1510 1
490 1510 1
539 1510 1
647 1510 1
141 1505 1
247 1505 1
292 1505 1
312 1505 1
746 1505 1
121 1508 1
295 1508 1
347 1508 1
555 1508 1
773 1508 1
8 1511 1
133 1511 1
135 1511 1
267 1511 1
862 1511 1
77 1512 1
173 1512 1
248 1512 1
341 1512 1
374 1512 1
0 1521 1
77 1521 1
133 1521 1
462 1521 1
660 1521 1
263 1515 1
528 1515 1
595 1515 1
869 1515 1
880 1515 1
95 1552 1
140 1552 1
255 1552 1
455 1552 1
24 1552 1
214 1514 1
232 1514 1
237 1514 1
853 1514 1
881 1514 1
157 1579 1
249 1579 1
282 1579 1
290 1579 1
618 1579 1
49 1528 1
341 1528 1
455 1528 1
472 1528 1
632 1528 1
4 1516 1
214 1516 1
278 1516 1
339 1516 1
618 1516 1
1 1520 1
446 1520 1
676 1520 1
701 1520 1
389 1520 1
49 1517 1
101 1517 1
207 1517 1
374 1517 1
508 1517 1
115 1529 1
446 1529 1
504 1529 1
650 1529 1
747 1529 1
148 1518 1
189 1518 1
256 1518 1
660 1518 1
946 1518 1
22 1519 1
166 1519 1
484 1519 1
629 1519 1
871 1519 1
60 1522 1
95 1522 1
274 1522 1
534 1522 1
675 1522 1
191 1523 1
215 1523 1
334 1523 1
374 1523 1
520 1523 1
30 1525 1
161 1525 1
208 1525 1
227 1525 1
611 1525 1
130 1524 1
199 1524 1
365 1524 1
401 1524 1
606 1524 1
118 1527 1
214 1527 1
364 1527 1
483 1527 1
507 1527 1
36 1531 1
125 1531 1
428 1531 1
447 1531 1
739 1531 1
335 1530 1
462 1530 1
565 1530 1
661 1530 1
884 1530 1
290 1532 1
334 1532 1
526 1532 1
876 1532 1
920 1532 1
298 1534 1
365 1534 1
374 1534 1
409 1534 1
410 1534 1
49 1535 1
58 1535 1
133 1535 1
634 1535 1
660 1535 1
184 1536 1
462 1536 1
606 1536 1
455 1536 1
898 1536 1
48 1533 1
248 1533 1
343 1533 1
523 1533 1
606 1533 1
157 1542 1
189 1542 1
524 1542 1
570 1542 1
662 1542 1
34 1546 1
236 1546 1
270 1546 1
446 1546 1
592 1546 1
157 1541 1
208 1541 1
237 1541 1
281 1541 1
886 1541 1
140 1539 1
316 1539 1
534 1539 1
644 1539 1
770 1539 1
49 1537 1
139 1537 1
197 1537 1
568 1537 1
662 1537 1
47 1538 1
91 1538 1
93 1538 1
223 1538 1
301 1538 1
34 1545 1
239 1545 1
656 1545 1
886 1545 1
895 1545 1
120 1550 1
240 1550 1
341 1550 1
354 1550 1
528 1550 1
122 1543 1
346 1543 1
365 1543 1
477 1543 1
766 1543 1
32 1540 1
157 1540 1
227 1540 1
350 1540 1
421 1540 1
89 1549 1
139 1549 1
141 1549 1
568 1549 1
570 1549 1
78 1544 1
303 1544 1
365 1544 1
508 1544 1
663 1544 1
49 1587 1
327 1587 1
341 1587 1
551 1587 1
770 1587 1
34 1547 1
304 1547 1
330 1547 1
350 1547 1
853 1547 1
33 1567 1
86 1567 1
124 1567 1
177 1567 1
270 1567 1
56 1548 1
99 1548 1
103 1548 1
199 1548 1
660 1548 1
101 1553 1
189 1553 1
350 1553 1
403 1553 1
929 1553 1
71 1551 1
101 1551 1
365 1551 1
459 1551 1
752 1551 1
105 1558 1
166 1558 1
445 1558 1
514 1558 1
545 1558 1
153 1557 1
375 1557 1
634 1557 1
667 1557 1
606 1557 1
182 1563 1
197 1563 1
341 1563 1
436 1563 1
528 1563 1
6 1554 1
102 1554 1
112 1554 1
391 1554 1
550 1554 1
606 1606 1
856 1606 1
0 1606 1
1 1606 1
765 1606 1
120 1555 1
157 1555 1
189 1555 1
221 1555 1
462 1555 1
140 1556 1
178 1556 1
290 1556 1
394 1556 1
629 1556 1
225 1569 1
237 1569 1
242 1569 1
459 1569 1
494 1569 1
1 1562 1
130 1562 1
249 1562 1
534 1562 1
900 1562 1
940 1561 1
189 1561 1
197 1561 1
341 1561 1
354 1561 1
141 1572 1
462 1572 1
587 1572 1
627 1572 1
748 1572 1
189 1559 1
199 1559 1
342 1559 1
483 1559 1
646 1559 1
191 1560 1
229 1560 1
255 1560 1
338 1560 1
374 1560 1
49 1565 1
101 1565 1
237 1565 1
251 1565 1
341 1565 1
101 1566 1
122 1566 1
219 1566 1
301 1566 1
910 1566 1
425 1564 1
494 1564 1
610 1564 1
611 1564 1
922 1564 1
189 1568 1
342 1568 1
350 1568 1
419 1568 1
769 1568 1
67 1570 1
267 1570 1
458 1570 1
642 1570 1
661 1570 1
66 1571 1
108 1571 1
115 1571 1
461 1571 1
483 1571 1
129 1573 1
214 1573 1
281 1573 1
660 1573 1
869 1573 1
189 1594 1
260 1594 1
339 1594 1
479 1594 1
899 1594 1
897 1574 1
60 1574 1
249 1574 1
263 1574 1
523 1574 1
52 1575 1
189 1575 1
312 1575 1
445 1575 1
627 1575 1
60 1576 1
218 1576 1
301 1576 1
799 1576 1
941 1576 1
91 1577 1
99 1577 1
218 1577 1
276 1577 1
286 1577 1
228 1578 1
303 1578 1
341 1578 1
542 1578 1
607 1578 1
85 1580 1
144 1580 1
249 1580 1
460 1580 1
596 1580 1
24 1582 1
93 1582 1
161 1582 1
166 1582 1
354 1582 1
36 1590 1
157 1590 1
1 1590 1
60 1590 1
341 1590 1
144 1592 1
157 1592 1
268 1592 1
563 1592 1
606 1592 1
221 1583 1
263 1583 1
389 1583 1
606 1583 1
653 1583 1
199 1585 1
227 1585 1
233 1585 1
507 1585 1
565 1585 1
6 1586 1
12 1586 1
52 1586 1
140 1586 1
144 1586 1
1 1581 1
102 1581 1
206 1581 1
234 1581 1
590 1581 1
263 1584 1
316 1584 1
606 1584 1
855 1584 1
563 1584 1
271 1591 1
282 1591 1
341 1591 1
428 1591 1
770 1591 1
89 1604 1
157 1604 1
341 1604 1
563 1604 1
889 1604 1
12 1589 1
63 1589 1
86 1589 1
97 1589 1
385 1589 1
544 1598 1
706 1598 1
804 1598 1
919 1598 1
928 1598 1
0 1597 1
72 1597 1
282 1597 1
446 1597 1
571 1597 1
139 1596 1
197 1596 1
285 1596 1
290 1596 1
496 1596 1
49 1622 1
252 1622 1
290 1622 1
447 1622 1
533 1622 1
0 1588 1
92 1588 1
475 1588 1
538 1588 1
566 1588 1
215 1593 1
340 1593 1
342 1593 1
428 1593 1
679 1593 1
563 1595 1
86 1595 1
103 1595 1
446 1595 1
660 1595 1
180 1610 1
316 1610 1
446 1610 1
558 1610 1
727 1610 1
189 1605 1
245 1605 1
462 1605 1
499 1605 1
933 1605 1
34 1599 1
341 1599 1
366 1599 1
496 1599 1
587 1599 1
357 1603 1
389 1603 1
534 1603 1
104 1603 1
139 1603 1
185 1601 1
237 1601 1
238 1601 1
320 1601 1
334 1601 1
1 1602 1
144 1602 1
282 1602 1
584 1602 1
638 1602 1
26 1600 1
36 1600 1
100 1600 1
166 1600 1
206 1600 1
99 1607 1
189 1607 1
252 1607 1
341 1607 1
931 1607 1
140 1612 1
158 1612 1
203 1612 1
380 1612 1
546 1612 1
129 1608 1
240 1608 1
437 1608 1
838 1608 1
918 1608 1
6 1609 1
56 1609 1
101 1609 1
191 1609 1
436 1609 1
118 1611 1
254 1611 1
659 1611 1
679 1611 1
955 1611 1
31 1614 1
99 1614 1
191 1614 1
334 1614 1
507 1614 1
0 1617 1
92 1617 1
174 1617 1
399 1617 1
788 1617 1
347 1627 1
49 1627 1
58 1627 1
341 1627 1
455 1627 1
52 1613 1
135 1613 1
302 1613 1
333 1613 1
428 1613 1
94 1615 1
189 1615 1
214 1615 1
325 1615 1
334 1615 1
5 1619 1
118 1619 1
356 1619 1
459 1619 1
954 1619 1
243 1624 1
282 1624 1
563 1624 1
1 1624 1
606 1624 1
182 1616 1
301 1616 1
326 1616 1
333 1616 1
589 1616 1
4 1621 1
23 1621 1
31 1621 1
214 1621 1
307 1621 1
491 1618 1
1 1618 1
551 1618 1
606 1618 1
650 1618 1
12 1620 1
23 1620 1
141 1620 1
415 1620 1
587 1620 1
24 1641 1
58 1641 1
157 1641 1
189 1641 1
341 1641 1
60 1629 1
144 1629 1
341 1629 1
702 1629 1
756 1629 1
72 1623 1
593 1623 1
637 1623 1
829 1623 1
867 1623 1
12 1626 1
133 1626 1
341 1626 1
347 1626 1
375 1626 1
66 1625 1
317 1625 1
409 1625 1
483 1625 1
487 1625 1
31 1628 1
101 1628 1
156 1628 1
182 1628 1
191 1628 1
271 1649 1
446 1649 1
462 1649 1
929 1649 1
977 1649 1
43 1630 1
99 1630 1
125 1630 1
228 1630 1
661 1630 1
102 1636 1
221 1636 1
233 1636 1
365 1636 1
508 1636 1
240 1637 1
560 1637 1
570 1637 1
727 1637 1
788 1637 1
199 1631 1
269 1631 1
310 1631 1
316 1631 1
334 1631 1
30 1632 1
157 1632 1
215 1632 1
254 1632 1
450 1632 1
4 1633 1
94 1633 1
141 1633 1
208 1633 1
287 1633 1
154 1644 1
230 1644 1
292 1644 1
334 1644 1
492 1644 1
10 1634 1
77 1634 1
177 1634 1
341 1634 1
401 1634 1
10 1638 1
212 1638 1
374 1638 1
589 1638 1
650 1638 1
256 1639 1
435 1639 1
447 1639 1
739 1639 1
974 1639 1
0 1635 1
728 1635 1
773 1635 1
953 1635 1
954 1635 1
174 1642 1
524 1642 1
556 1642 1
592 1642 1
948 1642 1
5 1655 1
36 1655 1
655 1655 1
791 1655 1
982 1655 1
103 1643 1
341 1643 1
364 1643 1
455 1643 1
788 1643 1
1 1667 1
263 1667 1
282 1667 1
241 1667 1
481 1667 1
101 1691 1
237 1691 1
292 1691 1
662 1691 1
1014 1691 1
396 1650 1
504 1650 1
563 1650 1
455 1650 1
662 1650 1
189 1640 1
399 1640 1
661 1640 1
223 1640 1
330 1640 1
117 1648 1
157 1648 1
446 1648 1
504 1648 1
726 1648 1
102 1651 1
156 1651 1
199 1651 1
238 1651 1
312 1651 1
947 1645 1
108 1645 1
178 1645 1
208 1645 1
391 1645 1
26 1646 1
114 1646 1
210 1646 1
867 1646 1
922 1646 1
12 1672 1
87 1672 1
153 1672 1
563 1672 1
606 1672 1
36 1647 1
166 1647 1
270 1647 1
312 1647 1
590 1647 1
52 1662 1
298 1662 1
343 1662 1
579 1662 1
652 1662 1
49 1660 1
63 1660 1
220 1660 1
455 1660 1
1018 1660 1
115 1658 1
208 1658 1
339 1658 1
341 1658 1
480 1658 1
139 1665 1
208 1665 1
238 1665 1
281 1665 1
290 1665 1
157 1652 1
161 1652 1
538 1652 1
182 1652 1
606 1652 1
256 1657 1
412 1657 1
461 1657 1
901 1657 1
963 1657 1
14 1656 1
141 1656 1
142 1656 1
246 1656 1
419 1656 1
563 1654 1
130 1654 1
321 1654 1
606 1654 1
618 1654 1
56 1653 1
245 1653 1
361 1653 1
597 1653 1
867 1653 1
60 1669 1
95 1669 1
327 1669 1
606 1669 1
721 1669 1
49 1663 1
133 1663 1
354 1663 1
364 1663 1
462 1663 1
9 1659 1
49 1659 1
319 1659 1
334 1659 1
379 1659 1
245 1661 1
341 1661 1
555 1661 1
662 1661 1
709 1661 1
53 1664 1
166 1664 1
284 1664 1
391 1664 1
877 1664 1
12 1670 1
68 1670 1
133 1670 1
238 1670 1
58 1670 1
52 1678 1
103 1678 1
128 1678 1
240 1678 1
339 1678 1
95 1666 1
523 1666 1
98 1666 1
341 1666 1
606 1666 1
68 1671 1
153 1671 1
341 1671 1
394 1671 1
563 1671 1
115 1715 1
157 1715 1
282 1715 1
584 1715 1
606 1715 1
77 1668 1
83 1668 1
226 1668 1
357 1668 1
567 1668 1
189 1675 1
215 1675 1
227 1675 1
303 1675 1
545 1675 1
52 1673 1
88 1673 1
447 1673 1
476 1673 1
539 1673 1
52 1674 1
95 1674 1
140 1674 1
189 1674 1
341 1674 1
52 1677 1
161 1677 1
175 1677 1
227 1677 1
552 1677 1
29 1696 1
49 1696 1
170 1696 1
541 1696 1
599 1696 1
68 1676 1
148 1676 1
189 1676 1
218 1676 1
970 1676 1
68 1679 1
102 1679 1
304 1679 1
415 1679 1
492 1679 1
214 1681 1
330 1681 1
483 1681 1
592 1681 1
607 1681 1
202 1680 1
232 1680 1
406 1680 1
929 1680 1
957 1680 1
40 1687 1
180 1687 1
442 1687 1
444 1687 1
462 1687 1
56 1682 1
66 1682 1
174 1682 1
286 1682 1
290 1682 1
139 1683 1
211 1683 1
212 1683 1
282 1683 1
563 1683 1
563 1698 1
574 1698 1
89 1698 1
522 1698 1
712 1698 1
34 1693 1
130 1693 1
157 1693 1
237 1693 1
364 1693 1
24 1686 1
49 1686 1
177 1686 1
181 1686 1
415 1686 1
34 1688 1
189 1688 1
269 1688 1
527 1688 1
594 1688 1
1 1689 1
115 1689 1
130 1689 1
282 1689 1
606 1689 1
113 1684 1
344 1684 1
661 1684 1
839 1684 1
1076 1684 1
156 1685 1
341 1685 1
344 1685 1
350 1685 1
661 1685 1
46 1692 1
82 1692 1
140 1692 1
550 1692 1
801 1692 1
27 1690 1
95 1690 1
301 1690 1
374 1690 1
986 1690 1
52 1695 1
118 1695 1
140 1695 1
142 1695 1
559 1695 1
22 1694 1
50 1694 1
71 1694 1
290 1694 1
689 1694 1
89 1700 1
174 1700 1
245 1700 1
341 1700 1
545 1700 1
130 1697 1
282 1697 1
341 1697 1
462 1697 1
660 1697 1
102 1702 1
118 1702 1
174 1702 1
271 1702 1
561 1702 1
451 1713 1
130 1713 1
282 1713 1
606 1713 1
646 1713 1
53 1699 1
145 1699 1
366 1699 1
447 1699 1
811 1699 1
1 1701 1
701 1701 1
713 1701 1
822 1701 1
924 1701 1
140 1703 1
245 1703 1
342 1703 1
484 1703 1
663 1703 1
130 1709 1
140 1709 1
173 1709 1
177 1709 1
226 1709 1
4 1706 1
130 1706 1
343 1706 1
375 1706 1
606 1706 1
78 1705 1
102 1705 1
156 1705 1
161 1705 1
849 1705 1
29 1704 1
56 1704 1
62 1704 1
432 1704 1
156 1704 1
1 1707 1
77 1707 1
282 1707 1
374 1707 1
606 1707 1
30 1717 1
43 1717 1
274 1717 1
446 1717 1
659 1717 1
12 1719 1
157 1719 1
328 1719 1
374 1719 1
606 1719 1
17 1711 1
72 1711 1
180 1711 1
282 1711 1
1006 1711 1
6 1716 1
22 1716 1
52 1716 1
252 1716 1
436 1716 1
292 1708 1
412 1708 1
540 1708 1
576 1708 1
757 1708 1
114 1712 1
245 1712 1
312 1712 1
369 1712 1
496 1712 1
0 1742 1
239 1742 1
462 1742 1
481 1742 1
1021 1742 1
333 1710 1
387 1710 1
493 1710 1
610 1710 1
814 1710 1
96 1714 1
214 1714 1
239 1714 1
354 1714 1
494 1714 1
10 1718 1
51 1718 1
374 1718 1
563 1718 1
657 1718 1
67 1720 1
267 1720 1
281 1720 1
447 1720 1
533 1720 1
130 1733 1
316 1733 1
429 1733 1
847 1733 1
606 1733 1
145 1722 1
238 1722 1
312 1722 1
409 1722 1
495 1722 1
34 1721 1
40 1721 1
88 1721 1
102 1721 1
310 1721 1
10 1728 1
24 1728 1
120 1728 1
140 1728 1
291 1728 1
56 1723 1
78 1723 1
239 1723 1
341 1723 1
626 1723 1
0 1724 1
1 1724 1
58 1724 1
446 1724 1
632 1724 1
102 1749 1
117 1749 1
567 1749 1
756 1749 1
311 1749 1
341 1726 1
438 1726 1
508 1726 1
590 1726 1
773 1726 1
12 1725 1
199 1725 1
341 1725 1
408 1725 1
606 1725 1
342 1727 1
757 1727 1
839 1727 1
842 1727 1
1004 1727 1
551 1730 1
184 1730 1
212 1730 1
241 1730 1
747 1730 1
359 1736 1
682 1736 1
83 1736 1
95 1736 1
446 1736 1
58 1729 1
103 1729 1
340 1729 1
365 1729 1
748 1729 1
114 1732 1
135 1732 1
189 1732 1
223 1732 1
918 1732 1
341 1731 1
606 1731 1
103 1731 1
312 1731 1
350 1731 1
26 1739 1
78 1739 1
100 1739 1
166 1739 1
180 1739 1
30 1740 1
462 1740 1
480 1740 1
792 1740 1
1057 1740 1
102 1734 1
130 1734 1
227 1734 1
248 1734 1
444 1734 1
108 1735 1
186 1735 1
215 1735 1
342 1735 1
445 1735 1
66 1737 1
191 1737 1
335 1737 1
382 1737 1
652 1737 1
47 1738 1
179 1738 1
251 1738 1
269 1738 1
447 1738 1
199 1741 1
462 1741 1
550 1741 1
641 1741 1
662 1741 1
130 1743 1
333 1743 1
446 1743 1
528 1743 1
756 1743 1
189 1746 1
290 1746 1
292 1746 1
538 1746 1
961 1746 1
78 1766 1
125 1766 1
182 1766 1
587 1766 1
592 1766 1
97 1745 1
114 1745 1
157 1745 1
245 1745 1
298 1745 1
380 1757 1
58 1757 1
86 1757 1
89 1757 1
173 1757 1
115 1744 1
130 1744 1
212 1744 1
241 1744 1
316 1744 1
140 1748 1
189 1748 1
490 1748 1
539 1748 1
567 1748 1
322 1777 1
423 1777 1
632 1777 1
816 1777 1
1007 1777 1
6 1747 1
52 1747 1
161 1747 1
212 1747 1
271 1747 1
104 1750 1
117 1750 1
139 1750 1
152 1750 1
240 1750 1
415 1787 1
24 1787 1
49 1787 1
189 1787 1
660 1787 1
52 1752 1
238 1752 1
350 1752 1
432 1752 1
641 1752 1
180 1768 1
199 1768 1
271 1768 1
462 1768 1
660 1768 1
95 1786 1
115 1786 1
282 1786 1
343 1786 1
669 1786 1
207 1751 1
341 1751 1
395 1751 1
453 1751 1
712 1751 1
1 1755 1
214 1755 1
248 1755 1
342 1755 1
483 1755 1
77 1753 1
174 1753 1
229 1753 1
365 1753 1
853 1753 1
1 1754 1
321 1754 1
446 1754 1
451 1754 1
644 1754 1
5 1761 1
31 1761 1
277 1761 1
342 1761 1
508 1761 1
268 1775 1
504 1775 1
618 1775 1
139 1775 1
606 1775 1
48 1763 1
60 1763 1
205 1763 1
268 1763 1
523 1763 1
12 1760 1
68 1760 1
197 1760 1
208 1760 1
298 1760 1
31 1759 1
209 1759 1
237 1759 1
319 1759 1
545 1759 1
24 1756 1
36 1756 1
514 1756 1
574 1756 1
739 1756 1
98 1758 1
319 1758 1
464 1758 1
245 1758 1
261 1758 1
170 1762 1
238 1762 1
507 1762 1
606 1762 1
689 1762 1
53 1767 1
269 1767 1
334 1767 1
341 1767 1
455 1767 1
0 1776 1
4 1776 1
504 1776 1
994 1776 1
1019 1776 1
66 1794 1
104 1794 1
212 1794 1
316 1794 1
533 1794 1
1 1764 1
141 1764 1
354 1764 1
375 1764 1
917 1764 1
333 1765 1
341 1765 1
459 1765 1
590 1765 1
672 1765 1
451 1771 1
654 1771 1
157 1771 1
321 1771 1
708 1771 1
102 1774 1
322 1774 1
52 1774 1
312 1774 1
341 1774 1
49 1770 1
115 1770 1
316 1770 1
462 1770 1
551 1770 1
756 1789 1
12 1789 1
157 1789 1
182 1789 1
606 1789 1
10 1804 1
23 1804 1
52 1804 1
77 1804 1
341 1804 1
185 1772 1
330 1772 1
341 1772 1
574 1772 1
679 1772 1
6 1769 1
153 1769 1
237 1769 1
374 1769 1
971 1769 1
86 1799 1
746 1799 1
341 1799 1
490 1799 1
534 1799 1
282 1773 1
322 1773 1
739 1773 1
875 1773 1
1002 1773 1
24 1778 1
177 1778 1
341 1778 1
357 1778 1
606 1778 1
112 1779 1
237 1779 1
342 1779 1
409 1779 1
432 1779 1
94 1781 1
118 1781 1
254 1781 1
342 1781 1
661 1781 1
148 1780 1
174 1780 1
311 1780 1
412 1780 1
446 1780 1
20 1782 1
80 1782 1
114 1782 1
300 1782 1
507 1782 1
1 1784 1
184 1784 1
446 1784 1
702 1784 1
212 1784 1
52 1791 1
87 1791 1
136 1791 1
341 1791 1
563 1791 1
6 1783 1
32 1783 1
179 1783 1
199 1783 1
1011 1783 1
56 1785 1
89 1785 1
174 1785 1
199 1785 1
476 1785 1
51 1792 1
86 1792 1
139 1792 1
394 1792 1
444 1792 1
120 1793 1
131 1793 1
136 1793 1
347 1793 1
563 1793 1
191 1788 1
199 1788 1
237 1788 1
428 1788 1
641 1788 1
1 1800 1
282 1800 1
726 1800 1
747 1800 1
847 1800 1
98 1790 1
238 1790 1
341 1790 1
475 1790 1
563 1790 1
98 1795 1
103 1795 1
274 1795 1
295 1795 1
374 1795 1
157 1817 1
161 1817 1
271 1817 1
175 1817 1
350 1817 1
60 1796 1
657 1796 1
130 1796 1
606 1796 1
702 1796 1
49 1798 1
274 1798 1
282 1798 1
782 1798 1
788 1798 1
702 1802 1
95 1802 1
107 1802 1
643 1802 1
973 1802 1
73 1797 1
342 1797 1
458 1797 1
555 1797 1
611 1797 1
86 1803 1
140 1803 1
240 1803 1
567 1803 1
49 1803 1
51 1801 1
175 1801 1
274 1801 1
716 1801 1
491 1801 1
10 1808 1
49 1808 1
157 1808 1
446 1808 1
559 1808 1
166 1822 1
238 1822 1
267 1822 1
475 1822 1
661 1822 1
48 1830 1
72 1830 1
282 1830 1
357 1830 1
644 1830 1
133 1812 1
148 1812 1
260 1812 1
662 1812 1
788 1812 1
56 1807 1
99 1807 1
199 1807 1
503 1807 1
918 1807 1
660 1815 1
0 1815 1
282 1815 1
341 1815 1
662 1815 1
1003 1806 1
1009 1806 1
58 1806 1
560 1806 1
1047 1806 1
189 1811 1
281 1811 1
304 1811 1
335 1811 1
342 1811 1
102 1805 1
199 1805 1
251 1805 1
508 1805 1
679 1805 1
49 1818 1
102 1818 1
191 1818 1
820 1818 1
1034 1818 1
60 1814 1
343 1814 1
563 1814 1
1 1814 1
282 1814 1
31 1824 1
66 1824 1
82 1824 1
99 1824 1
186 1824 1
559 1810 1
49 1810 1
133 1810 1
157 1810 1
189 1810 1
49 1809 1
241 1809 1
634 1809 1
709 1809 1
812 1809 1
36 1832 1
189 1832 1
240 1832 1
505 1832 1
587 1832 1
31 1813 1
49 1813 1
416 1813 1
459 1813 1
686 1813 1
22 1821 1
52 1821 1
156 1821 1
338 1821 1
341 1821 1
50 1816 1
94 1816 1
96 1816 1
170 1816 1
641 1816 1
101 1820 1
157 1820 1
298 1820 1
303 1820 1
341 1820 1
88 1819 1
103 1819 1
490 1819 1
720 1819 1
731 1819 1
95 1823 1
282 1823 1
375 1823 1
534 1823 1
701 1823 1
73 1825 1
185 1825 1
375 1825 1
492 1825 1
540 1825 1
43 1828 1
60 1828 1
263 1828 1
327 1828 1
632 1828 1
58 1834 1
174 1834 1
239 1834 1
242 1834 1
269 1834 1
469 1833 1
502 1833 1
68 1833 1
477 1833 1
660 1833 1
175 1839 1
72 1839 1
157 1839 1
282 1839 1
446 1839 1
36 1826 1
49 1826 1
185 1826 1
417 1826 1
696 1826 1
47 1827 1
58 1827 1
303 1827 1
458 1827 1
744 1827 1
118 1829 1
145 1829 1
181 1829 1
189 1829 1
208 1829 1
24 1850 1
87 1850 1
140 1850 1
374 1850 1
563 1850 1
8 1847 1
295 1847 1
631 1847 1
867 1847 1
1073 1847 1
25 1848 1
52 1848 1
341 1848 1
511 1848 1
1070 1848 1
1 1831 1
58 1831 1
312 1831 1
339 1831 1
506 1831 1
89 1835 1
381 1835 1
391 1835 1
879 1835 1
921 1835 1
50 1836 1
56 1836 1
99 1836 1
301 1836 1
397 1836 1
0 1843 1
189 1843 1
282 1843 1
288 1843 1
462 1843 1
189 1845 1
199 1845 1
254 1845 1
350 1845 1
909 1845 1
31 1837 1
49 1837 1
161 1837 1
437 1837 1
954 1837 1
24 1841 1
133 1841 1
312 1841 1
563 1841 1
606 1841 1
25 1838 1
374 1838 1
736 1838 1
83 1838 1
446 1838 1
24 1858 1
63 1858 1
86 1858 1
240 1858 1
563 1858 1
77 1840 1
157 1840 1
432 1840 1
536 1840 1
590 1840 1
98 1844 1
157 1844 1
248 1844 1
316 1844 1
606 1844 1
133 1842 1
198 1842 1
271 1842 1
320 1842 1
594 1842 1
179 1846 1
319 1846 1
447 1846 1
466 1846 1
686 1846 1
43 1876 1
115 1876 1
212 1876 1
316 1876 1
650 1876 1
29 1851 1
189 1851 1
350 1851 1
409 1851 1
483 1851 1
140 1849 1
214 1849 1
238 1849 1
350 1849 1
689 1849 1
88 1854 1
113 1854 1
224 1854 1
227 1854 1
611 1854 1
52 1853 1
95 1853 1
106 1853 1
112 1853 1
157 1853 1
218 1852 1
238 1852 1
258 1852 1
269 1852 1
507 1852 1
5 1866 1
49 1866 1
174 1866 1
189 1866 1
679 1866 1
702 1855 1
98 1855 1
130 1855 1
606 1855 1
657 1855 1
4 1863 1
104 1863 1
249 1863 1
263 1863 1
676 1863 1
115 1857 1
157 1857 1
446 1857 1
606 1857 1
657 1857 1
409 1864 1
101 1864 1
251 1864 1
341 1864 1
446 1864 1
100 1856 1
113 1856 1
161 1856 1
199 1856 1
397 1856 1
72 1862 1
115 1862 1
157 1862 1
606 1862 1
702 1862 1
31 1859 1
174 1859 1
199 1859 1
218 1859 1
251 1859 1
189 1860 1
339 1860 1
341 1860 1
354 1860 1
455 1860 1
31 1861 1
348 1861 1
522 1861 1
611 1861 1
1041 1861 1
43 1871 1
52 1871 1
341 1871 1
455 1871 1
563 1871 1
208 1877 1
662 1877 1
1029 1877 1
1033 1877 1
373 1877 1
95 1869 1
103 1869 1
189 1869 1
341 1869 1
568 1869 1
0 1865 1
108 1865 1
319 1865 1
339 1865 1
341 1865 1
49 1868 1
86 1868 1
93 1868 1
365 1868 1
397 1868 1
99 1867 1
101 1867 1
224 1867 1
350 1867 1
494 1867 1
189 1882 1
10 1882 1
52 1882 1
302 1882 1
341 1882 1
17 1870 1
106 1870 1
175 1870 1
312 1870 1
528 1870 1
101 1878 1
125 1878 1
157 1878 1
312 1878 1
450 1878 1
272 1873 1
347 1873 1
637 1873 1
389 1873 1
641 1873 1
60 1883 1
95 1883 1
274 1883 1
563 1883 1
721 1883 1
29 1872 1
144 1872 1
157 1872 1
208 1872 1
657 1872 1
0 1875 1
282 1875 1
446 1875 1
634 1875 1
676 1875 1
199 1874 1
229 1874 1
233 1874 1
408 1874 1
488 1874 1
154 1879 1
339 1879 1
350 1879 1
629 1879 1
841 1879 1
22 1880 1
215 1880 1
245 1880 1
340 1880 1
450 1880 1
135 1881 1
460 1881 1
565 1881 1
597 1881 1
960 1881 1
1 1901 1
95 1901 1
115 1901 1
606 1901 1
659 1901 1
1 1884 1
98 1884 1
104 1884 1
130 1884 1
316 1884 1
95 1910 1
262 1910 1
274 1910 1
375 1910 1
657 1910 1
40 1895 1
72 1895 1
144 1895 1
157 1895 1
375 1895 1
657 1890 1
95 1890 1
175 1890 1
274 1890 1
563 1890 1
343 1916 1
702 1916 1
927 1916 1
255 1916 1
701 1916 1
49 1889 1
61 1889 1
113 1889 1
400 1889 1
474 1889 1
174 1885 1
238 1885 1
251 1885 1
312 1885 1
663 1885 1
804 1905 1
95 1905 1
534 1905 1
588 1905 1
606 1905 1
175 1886 1
662 1886 1
897 1886 1
140 1886 1
141 1886 1
676 1888 1
1 1888 1
60 1888 1
241 1888 1
255 1888 1
4 1899 1
73 1899 1
316 1899 1
618 1899 1
1027 1899 1
282 1935 1
1 1935 1
60 1935 1
274 1935 1
606 1935 1
89 1887 1
101 1887 1
237 1887 1
507 1887 1
508 1887 1
83 1920 1
274 1920 1
301 1920 1
336 1920 1
180 1920 1
208 1891 1
330 1891 1
334 1891 1
718 1891 1
720 1891 1
994 1929 1
51 1929 1
139 1929 1
321 1929 1
327 1929 1
57 1892 1
153 1892 1
208 1892 1
589 1892 1
1032 1892 1
161 1897 1
338 1897 1
341 1897 1
417 1897 1
606 1897 1
1 1893 1
130 1893 1
139 1893 1
375 1893 1
446 1893 1
169 1900 1
329 1900 1
618 1900 1
737 1900 1
788 1900 1
234 1894 1
260 1894 1
199 1894 1
423 1894 1
661 1894 1
49 1896 1
191 1896 1
364 1896 1
409 1896 1
483 1896 1
52 1898 1
101 1898 1
102 1898 1
130 1898 1
298 1898 1
95 1909 1
104 1909 1
120 1909 1
657 1909 1
606 1909 1
88 1903 1
189 1903 1
247 1903 1
342 1903 1
618 1903 1
60 1913 1
354 1913 1
389 1913 1
446 1913 1
606 1913 1
56 1902 1
321 1902 1
450 1902 1
475 1902 1
619 1902 1
290 1904 1
362 1904 1
445 1904 1
508 1904 1
587 1904 1
103 1915 1
343 1915 1
490 1915 1
528 1915 1
682 1915 1
52 1906 1
199 1906 1
312 1906 1
328 1906 1
835 1906 1
140 1907 1
339 1907 1
341 1907 1
462 1907 1
935 1907 1
57 1908 1
118 1908 1
295 1908 1
752 1908 1
794 1908 1
104 1931 1
282 1931 1
534 1931 1
606 1931 1
716 1931 1
139 1917 1
446 1917 1
618 1917 1
701 1917 1
713 1917 1
118 1912 1
208 1912 1
251 1912 1
263 1912 1
988 1912 1
52 1911 1
166 1911 1
191 1911 1
341 1911 1
546 1911 1
606 1930 1
634 1930 1
1005 1930 1
72 1930 1
282 1930 1
36 1914 1
105 1914 1
438 1914 1
679 1914 1
970 1914 1
45 1918 1
157 1918 1
197 1918 1
312 1918 1
543 1918 1
38 1919 1
95 1919 1
150 1919 1
672 1919 1
767 1919 1
56 1923 1
60 1923 1
68 1923 1
161 1923 1
755 1923 1
96 1925 1
245 1925 1
365 1925 1
438 1925 1
961 1925 1
130 1922 1
161 1922 1
227 1922 1
565 1922 1
693 1922 1
103 1921 1
58 1921 1
180 1921 1
341 1921 1
639 1921 1
262 1927 1
389 1927 1
707 1927 1
563 1927 1
653 1927 1
113 1924 1
199 1924 1
359 1924 1
394 1924 1
480 1924 1
67 1928 1
71 1928 1
233 1928 1
672 1928 1
887 1928 1
115 1934 1
130 1934 1
316 1934 1
551 1934 1
606 1934 1
89 1938 1
339 1938 1
528 1938 1
570 1938 1
571 1938 1
446 1926 1
621 1926 1
189 1926 1
455 1926 1
716 1926 1
134 1932 1
348 1932 1
468 1932 1
652 1932 1
824 1932 1
528 1937 1
108 1937 1
391 1937 1
401 1937 1
462 1937 1
9 1943 1
89 1943 1
343 1943 1
435 1943 1
739 1943 1
5 1933 1
60 1933 1
189 1933 1
341 1933 1
580 1933 1
274 1936 1
316 1936 1
635 1936 1
657 1936 1
770 1936 1
141 1939 1
180 1939 1
227 1939 1
254 1939 1
341 1939 1
1 1940 1
63 1940 1
208 1940 1
271 1940 1
526 1940 1
184 1949 1
316 1949 1
504 1949 1
627 1949 1
632 1949 1
78 1942 1
94 1942 1
102 1942 1
118 1942 1
199 1942 1
103 1941 1
251 1941 1
285 1941 1
333 1941 1
550 1941 1
49 1954 1
58 1954 1
103 1954 1
189 1954 1
464 1954 1
36 1944 1
137 1944 1
174 1944 1
228 1944 1
661 1944 1
1 1945 1
101 1945 1
145 1945 1
341 1945 1
409 1945 1
60 1948 1
563 1948 1
567 1948 1
606 1948 1
721 1948 1
95 1951 1
98 1951 1
563 1951 1
389 1951 1
606 1951 1
108 1963 1
189 1963 1
238 1963 1
450 1963 1
689 1963 1
108 1946 1
198 1946 1
271 1946 1
609 1946 1
646 1946 1
170 1947 1
483 1947 1
565 1947 1
574 1947 1
788 1947 1
58 1950 1
303 1950 1
320 1950 1
692 1950 1
739 1950 1
66 1953 1
70 1953 1
99 1953 1
452 1953 1
656 1953 1
567 1956 1
189 1956 1
410 1956 1
490 1956 1
539 1956 1
52 1952 1
245 1952 1
341 1952 1
550 1952 1
602 1952 1
12 1955 1
488 1955 1
508 1955 1
827 1955 1
970 1955 1
32 1958 1
58 1958 1
245 1958 1
301 1958 1
312 1958 1
208 1957 1
270 1957 1
454 1957 1
474 1957 1
1048 1957 1
358 1959 1
446 1959 1
447 1959 1
455 1959 1
575 1959 1
24 1961 1
234 1961 1
333 1961 1
391 1961 1
507 1961 1
208 1960 1
312 1960 1
415 1960 1
419 1960 1
717 1960 1
24 1967 1
83 1967 1
373 1967 1
889 1967 1
916 1967 1
108 2009 1
282 2009 1
348 2009 1
446 2009 1
518 2009 1
53 1962 1
214 1962 1
292 1962 1
454 1962 1
1052 1962 1
58 1965 1
66 1965 1
118 1965 1
125 1965 1
161 1965 1
86 1968 1
120 1968 1
151 1968 1
253 1968 1
831 1968 1
189 1964 1
254 1964 1
399 1964 1
494 1964 1
574 1964 1
24 1966 1
136 1966 1
161 1966 1
214 1966 1
419 1966 1
125 1969 1
283 1969 1
646 1969 1
901 1969 1
906 1969 1
52 1980 1
89 1980 1
103 1980 1
341 1980 1
396 1980 1
31 1970 1
141 1970 1
242 1970 1
678 1970 1
729 1970 1
24 1971 1
189 1971 1
195 1971 1
272 1971 1
589 1971 1
43 1979 1
316 1979 1
504 1979 1
551 1979 1
588 1979 1
88 1973 1
93 1973 1
166 1973 1
567 1973 1
753 1973 1
5 1982 1
78 1982 1
95 1982 1
662 1982 1
457 1982 1
22 1972 1
173 1972 1
182 1972 1
290 1972 1
409 1972 1
58 1978 1
78 1978 1
199 1978 1
303 1978 1
341 1978 1
49 1974 1
199 1974 1
334 1974 1
340 1974 1
660 1974 1
77 1975 1
89 1975 1
343 1975 1
468 1975 1
730 1975 1
248 1977 1
354 1977 1
563 1977 1
606 1977 1
1 1977 1
282 1981 1
444 1981 1
558 1981 1
660 1981 1
746 1981 1
49 1976 1
97 1976 1
203 1976 1
539 1976 1
769 1976 1
31 1983 1
66 1983 1
99 1983 1
199 1983 1
218 1983 1
89 2003 1
563 2003 1
570 2003 1
575 2003 1
862 2003 1
340 1991 1
559 1991 1
101 1991 1
189 1991 1
341 1991 1
56 1985 1
344 1985 1
358 1985 1
459 1985 1
545 1985 1
56 1986 1
57 1986 1
100 1986 1
174 1986 1
592 1986 1
22 1992 1
238 1992 1
281 1992 1
366 1992 1
565 1992 1
1074 1987 1
286 1987 1
302 1987 1
576 1987 1
1069 1987 1
316 1993 1
606 1993 1
650 1993 1
139 1993 1
184 1993 1
49 1984 1
133 1984 1
254 1984 1
341 1984 1
376 1984 1
77 2001 1
354 2001 1
378 2001 1
660 2001 1
733 2001 1
148 1988 1
412 1988 1
459 1988 1
503 1988 1
561 1988 1
68 1989 1
199 1989 1
240 1989 1
433 1989 1
581 1989 1
4 2018 1
184 2018 1
337 2018 1
1071 2018 1
606 2018 1
52 1990 1
124 1990 1
312 1990 1
606 1990 1
874 1990 1
6 1994 1
103 1994 1
161 1994 1
179 1994 1
215 1994 1
52 1995 1
60 1995 1
101 1995 1
141 1995 1
274 1995 1
24 1998 1
101 1998 1
112 1998 1
312 1998 1
533 1998 1
144 2010 1
209 2010 1
344 2010 1
523 2010 1
60 2010 1
282 2013 1
316 2013 1
618 2013 1
130 2013 1
446 2013 1
12 1997 1
68 1997 1
95 1997 1
182 1997 1
671 1997 1
31 1996 1
99 1996 1
342 1996 1
365 1996 1
577 1996 1
58 1999 1
215 1999 1
344 1999 1
527 1999 1
689 1999 1
563 2017 1
71 2017 1
364 2017 1
569 2017 1
570 2017 1
58 2000 1
89 2000 1
189 2000 1
563 2000 1
1075 2000 1
118 2002 1
303 2002 1
467 2002 1
835 2002 1
948 2002 1
5 2005 1
31 2005 1
189 2005 1
237 2005 1
447 2005 1
179 2004 1
267 2004 1
341 2004 1
641 2004 1
709 2004 1
17 2006 1
77 2006 1
282 2006 1
347 2006 1
637 2006 1
298 2016 1
560 2016 1
614 2016 1
652 2016 1
977 2016 1
709 2012 1
58 2012 1
180 2012 1
341 2012 1
455 2012 1
52 2007 1
360 2007 1
380 2007 1
559 2007 1
606 2007 1
12 2015 1
173 2015 1
374 2015 1
716 2015 1
1072 2015 1
26 2008 1
34 2008 1
102 2008 1
214 2008 1
365 2008 1
52 2019 1
140 2019 1
153 2019 1
180 2019 1
662 2019 1
32 2011 1
40 2011 1
57 2011 1
66 2011 1
184 2011 1
120 2014 1
242 2014 1
290 2014 1
304 2014 1
849 2014 1
