101 
101 1037 
108 295 1037 
101 108 577 1037 
101 108 295 577 1037 
53 101 108 295 577 1037 
53 101 108 186 295 577 1037 
11 101 108 186 295 577 1037 1733 
53 103 108 186 279 295 577 1037 1733 
11 20 53 101 108 186 295 577 1037 1733 
20 53 101 108 186 279 295 450 577 1037 1733 
11 20 53 101 108 186 279 295 457 577 1037 1733 
11 20 53 101 108 186 279 295 365 457 577 1037 1733 
11 20 53 101 108 186 279 295 365 450 577 1037 1088 1733 
11 20 53 101 108 186 279 295 363 450 577 1032 1037 1088 1733 
11 20 53 103 108 186 279 295 365 369 450 577 1032 1037 1243 1733 
11 20 53 103 108 186 279 295 315 346 457 577 1037 1088 1243 1284 1733 
11 20 53 103 108 186 279 295 346 363 365 457 577 1032 1037 1088 1243 1733 
11 20 53 103 108 186 207 279 295 315 365 450 577 1032 1037 1088 1243 1284 1733 
11 20 53 103 108 186 207 279 295 315 363 365 369 450 577 1032 1037 1088 1243 1733 
11 20 53 103 108 186 207 279 295 315 346 363 365 396 457 577 1032 1037 1088 1243 1733 
11 20 53 101 108 186 279 295 315 346 363 365 369 396 450 577 1032 1037 1088 1243 1284 1733 
11 20 53 101 103 108 186 295 315 346 363 365 369 396 450 577 757 1032 1037 1088 1243 1733 2009 
11 20 53 72 103 108 186 207 279 315 346 363 365 369 418 450 577 757 1032 1037 1088 1243 1284 1733 
11 20 53 101 108 186 207 279 295 315 346 365 369 370 396 450 577 757 1032 1037 1088 1243 1284 1733 2009 
11 20 31 53 101 108 186 207 244 279 295 346 363 365 369 375 396 450 577 658 1032 1037 1088 1243 1284 1733 
11 20 53 72 101 108 186 207 279 295 315 346 363 365 369 396 450 577 757 1032 1037 1088 1243 1284 1733 2009 2138 
11 20 45 53 101 103 108 186 207 279 295 315 346 363 365 369 396 418 450 577 606 818 1032 1037 1088 1243 1284 1733 
11 20 31 53 101 103 108 186 207 279 295 315 346 363 365 369 375 396 450 577 757 1032 1037 1088 1243 1284 1733 2009 2138 
11 20 31 53 72 103 108 186 207 279 295 315 346 363 365 369 375 396 450 577 746 757 1032 1037 1088 1118 1243 1284 1733 2009 
11 20 31 53 101 103 108 186 207 244 279 295 315 346 363 365 369 370 396 418 450 457 577 1032 1037 1088 1243 1284 1733 2009 2138 
11 20 31 53 101 103 108 186 207 244 279 295 315 346 363 365 369 375 396 450 577 606 658 757 1032 1037 1088 1243 1284 1731 1733 2009 
11 20 31 53 101 103 108 186 207 244 295 315 346 363 365 369 370 375 396 450 545 577 658 757 1032 1037 1066 1088 1243 1284 1733 2009 2138 
11 20 31 53 101 103 108 186 244 279 295 315 346 363 365 369 370 396 418 450 457 577 658 757 1032 1037 1088 1243 1284 1731 1733 2009 2065 2138 
11 20 31 45 53 101 103 108 186 207 244 279 295 315 346 363 365 369 370 375 396 450 577 757 1032 1037 1066 1088 1243 1284 1636 1731 1733 2009 2138 
11 20 31 53 101 103 108 186 207 244 279 295 315 346 363 365 370 396 418 450 457 577 658 746 757 1011 1032 1037 1088 1118 1243 1284 1426 1733 2009 2138 
11 20 31 53 72 101 108 186 207 244 279 295 315 346 363 365 369 370 375 396 450 545 577 658 746 757 1032 1037 1088 1118 1243 1284 1426 1620 1733 2009 2138 
11 20 31 45 53 101 103 108 186 207 244 279 295 315 346 363 365 369 370 375 396 450 577 658 746 757 968 1032 1037 1066 1088 1243 1284 1426 1636 1733 2009 2138 
11 20 31 45 53 101 103 108 186 207 244 279 295 315 346 363 365 369 370 375 396 450 457 577 606 658 757 1032 1037 1088 1118 1243 1284 1620 1731 1733 2009 2065 2138 
11 20 31 53 72 101 103 108 186 244 279 295 315 346 363 365 369 370 375 396 450 577 606 658 746 757 984 1032 1037 1088 1243 1284 1564 1620 1731 1733 2009 2065 2138 3037 
11 20 31 41 53 72 101 103 108 186 207 279 295 315 346 363 365 369 370 375 396 450 577 606 658 746 757 968 1011 1032 1037 1069 1088 1118 1137 1243 1284 1620 1733 2009 2138 
11 20 31 45 53 72 101 103 108 186 207 244 279 295 315 346 363 365 369 370 375 396 450 457 465 543 577 658 757 1032 1037 1066 1088 1118 1243 1284 1370 1620 1731 1733 2009 2138 
11 20 31 53 101 103 108 186 207 244 256 279 295 315 333 346 363 365 370 396 418 450 457 543 577 658 746 757 1011 1032 1037 1066 1088 1091 1118 1243 1284 1620 1731 1733 2009 2065 2138 
11 20 31 53 72 101 103 108 186 207 244 279 295 315 346 363 365 369 370 375 396 450 465 491 543 577 606 658 689 746 757 968 1032 1037 1088 1137 1243 1284 1370 1426 1620 1733 2009 2138 
11 20 31 53 72 101 103 108 186 207 244 279 295 315 346 363 365 369 370 396 418 450 457 543 577 606 658 746 757 818 1011 1032 1037 1088 1091 1118 1243 1284 1620 1731 1733 2009 2065 2138 3100 
11 19 20 31 53 72 101 103 108 186 207 244 279 295 315 346 363 365 369 370 396 418 450 457 569 577 658 746 757 818 988 1032 1037 1066 1088 1091 1118 1243 1284 1426 1564 1636 1733 2009 2065 2138 
11 20 31 41 45 53 72 102 103 108 123 186 207 256 279 295 315 346 363 365 369 370 375 396 450 457 543 577 658 746 757 1011 1032 1037 1066 1088 1118 1176 1243 1284 1620 1731 1733 2009 2065 2138 3037 
11 20 31 41 45 53 101 103 108 186 207 253 279 295 315 346 363 365 369 370 375 396 398 450 457 577 606 658 746 757 968 988 1011 1032 1037 1088 1091 1118 1137 1243 1284 1426 1636 1733 2009 2065 2138 3037 
11 19 20 31 53 101 103 108 123 186 207 244 279 295 315 346 363 365 370 375 396 398 450 457 543 545 577 658 746 757 818 979 1011 1032 1037 1066 1088 1091 1118 1137 1243 1284 1370 1426 1620 1733 2009 2065 2138 
11 20 31 45 53 72 101 103 108 149 186 207 244 279 295 315 346 363 365 369 370 375 396 398 450 457 543 577 606 658 689 746 757 818 1011 1032 1037 1088 1091 1118 1243 1284 1564 1620 1731 1733 2009 2065 2138 3037 