17
17 88
17 88 922
17 56 88 922
17 56 88 922 1548
14 15 37 41 60 66 80 99 100 105 124 128 131 140 192 196 221 236 239 274 287 307 412 474 507 525 535 559 562 563 599 606 632 634 639 649 682 989 1156 1162 1429 1520 1827 1987 2461 4824 5629 6072 6638 9994
66 80 100 124 196 239 474 606 639 1162
408 699
408 699 2013
408 699 2013 2374
286 408 699 2013 2374
30 286 408 699 2013 2374
30 286 408 699 2013 2374 3714
30 286 408 699 1052 2013 2374 3714
30 286 408 699 1052 2013 2374 2665 3714
30 286 408 483 699 1052 1853 2013 2374 3714
30 286 408 699 1052 1853 2013 2374 2665 3714 4362
30 286 408 699 1052 1687 1853 2013 2374 2665 3714 4362
30 286 408 483 699 1052 1687 1853 2013 2374 2665 3714 5201
30 286 408 483 699 1052 1687 1853 2013 2374 2665 3714 4362 5201
30 31 286 408 483 699 959 1052 1853 2013 2374 2665 3714 4362 5201
30 286 408 483 699 958 1052 1687 1853 2013 2374 2634 2665 3714 4362 5201
30 31 286 408 483 699 877 958 1052 1687 1853 2013 2374 2634 2665 3714 5201
30 31 286 408 483 699 877 1052 1183 1687 1853 2013 2374 2634 2665 3714 4362 5201
30 31 286 408 483 517 699 958 1052 1183 1687 1853 2013 2374 2634 2665 3714 4362 5201
30 286 408 483 517 699 877 958 959 1052 1183 1362 1687 1853 2013 2374 2665 3714 4362 5201
30 31 286 408 483 517 699 775 959 1052 1183 1362 1687 1853 2013 2374 2634 2665 3714 4362 5201
30 31 286 408 483 517 699 775 877 958 959 1052 1183 1687 1853 2013 2374 2634 2665 3714 4362 5201
30 31 286 408 483 699 775 877 915 958 959 1052 1183 1362 1687 1853 2013 2374 2634 2665 3714 4362 5201
30 31 286 408 483 699 773 877 915 958 959 1052 1183 1221 1274 1687 1853 2013 2374 2634 2665 3714 4362 5201
