699
699 2374
699 2013 2374
408 699 2013 2374
408 699 2013 2374 3714
408 699 1052 2013 2374 3714
286 408 699 1052 2013 2374 3714
286 408 483 699 1052 2013 2374 3714
286 408 483 517 699 1052 2013 2374 3714
286 408 483 517 699 1052 2013 2374 2665 3714
286 408 483 517 699 959 1052 2013 2374 2665 3714
286 408 483 517 699 958 1052 2013 2374 2665 3714 5201
286 408 483 517 699 877 1052 1183 2013 2374 2665 3714 5201
286 408 483 517 699 959 1052 2013 2374 2564 2665 3714 4362 5201
286 408 483 517 699 877 959 1052 1687 2013 2374 2665 3714 4362 5201
286 408 483 517 699 958 1052 1687 2013 2374 2550 2665 3714 4231 4362 5201
286 408 483 517 699 877 958 959 1052 1183 2013 2374 2634 2665 3714 4231 4362
286 408 483 517 699 877 958 1052 1183 1687 2013 2374 2550 2634 2665 3714 4231 5201
286 408 483 517 546 699 775 877 958 959 1052 1183 2013 2374 2665 3714 4231 4362 5201
30 286 408 483 517 699 877 958 959 1052 1183 1687 2013 2374 2634 2665 3714 4231 4362 5201
190 194 286 408 483 517 699 775 958 959 1052 1183 1687 2013 2374 2550 2665 3714 4231 4362 5201
190 286 408 483 517 546 699 775 877 958 959 1052 1183 1687 2013 2374 2634 2665 3714 4231 4362 5201
30 194 286 408 483 517 546 699 877 958 959 1052 1183 1687 2013 2374 2634 2665 3714 3887 4231 4362 5201
190 194 286 408 483 517 546 699 775 877 958 959 1052 1183 1687 2013 2374 2550 2564 2665 3714 4231 4362 5201
30 194 286 408 483 517 546 699 775 877 958 959 1052 1183 1687 2013 2374 2550 2564 2634 2665 3714 4231 4362 5201
190 286 408 483 517 546 699 775 877 958 959 1052 1183 1362 1687 2013 2374 2550 2564 2634 2665 3714 4231 4362 5201 5527
30 58 194 286 408 483 517 546 699 775 877 958 959 1052 1183 1221 1687 2013 2374 2550 2564 2634 2665 3714 4231 4362 5201
30 190 286 408 483 517 546 699 775 877 958 959 1052 1183 1362 1687 1853 2013 2374 2550 2564 2634 2665 3714 4231 4362 4612 5201
30 190 286 408 483 517 546 699 877 958 959 1052 1183 1221 1362 1687 2013 2374 2550 2564 2634 2665 3714 3887 3936 4231 4362 4612 5201
30 194 286 408 483 517 546 690 699 775 877 958 959 1052 1146 1183 1221 1362 1687 2013 2374 2377 2550 2564 2634 2665 3714 4231 4362 5201
30 190 194 286 408 483 508 517 546 699 775 877 958 959 1052 1183 1362 1643 1687 2013 2374 2377 2550 2564 2634 2665 3714 3887 4231 4362 5201
30 58 190 194 286 408 483 517 546 690 699 877 958 959 1052 1183 1362 1687 2013 2374 2377 2550 2564 2634 2665 2735 3714 3887 3936 4231 4362 5201
30 58 190 286 350 408 483 517 546 690 699 775 877 958 959 1052 1183 1221 1362 1687 1853 2013 2374 2550 2564 2634 2665 3714 3887 4231 4362 4612 5201
30 58 190 194 196 286 408 483 517 546 690 699 775 877 958 959 1052 1183 1362 1687 2013 2374 2377 2550 2564 2634 2665 3714 3887 3936 4231 4362 4612 5201
30 58 190 194 286 408 483 517 546 699 775 877 958 959 1052 1163 1183 1221 1362 1687 2013 2374 2377 2550 2564 2634 2665 2735 3714 3887 4231 4362 4612 5201 5527
30 58 190 196 286 350 408 483 517 546 690 699 775 796 877 958 959 1052 1183 1362 1687 2013 2374 2377 2550 2564 2634 2665 3714 3887 3936 4231 4361 4362 5201 5682
30 58 60 190 194 286 408 483 508 517 546 690 699 775 877 958 959 1052 1183 1221 1362 1643 1687 1853 2013 2374 2377 2550 2564 2634 2665 3714 3887 4231 4362 4612 5201
30 58 60 190 194 286 350 408 483 517 546 690 699 773 775 877 958 959 1052 1163 1183 1221 1362 1687 2013 2374 2377 2550 2564 2634 2665 3714 3887 4231 4362 4612 5201 5527
30 58 190 194 286 350 408 483 508 517 546 690 699 775 877 958 959 1052 1163 1183 1221 1362 1687 1853 2013 2374 2377 2550 2564 2634 2665 3714 3887 3936 4231 4362 5191 5201 5527
30 58 190 286 350 408 483 508 517 546 699 775 877 915 958 959 1052 1183 1221 1362 1463 1535 1643 1687 1853 2013 2374 2377 2550 2564 2634 2665 3192 3714 3887 4231 4362 4612 5201 5527
30 58 190 194 196 286 350 408 483 517 546 699 773 796 877 936 958 959 1052 1183 1221 1362 1643 1687 1853 2013 2374 2377 2550 2564 2634 2665 2856 3714 3887 4231 4361 4362 4612 5201 5527
30 58 82 190 194 196 286 350 408 483 508 517 546 699 775 877 915 958 959 1052 1183 1221 1362 1535 1643 1687 2013 2374 2377 2550 2564 2634 2665 2735 2856 3714 3887 4231 4362 4612 5201 5527
30 58 60 190 194 196 286 408 483 517 546 699 773 775 796 877 915 958 959 1052 1183 1272 1362 1535 1643 1687 1806 1853 2013 2374 2377 2550 2564 2634 2665 3714 3887 3936 4231 4362 4612 5201 5527
30 58 60 190 194 196 286 408 430 483 517 546 690 699 773 775 796 877 958 959 1052 1183 1221 1362 1643 1687 1853 2013 2374 2377 2550 2564 2634 2665 3714 3887 3936 4231 4361 4362 4612 5191 5201 5527
30 58 60 190 194 196 286 350 408 483 508 517 538 546 699 773 775 796 877 958 959 1052 1163 1183 1221 1362 1643 1687 1853 2013 2374 2377 2550 2564 2634 2665 3714 3887 3936 4231 4361 4362 4612 5201 5527
30 58 60 190 194 286 350 408 483 508 517 538 546 690 699 775 877 958 959 1052 1163 1183 1221 1362 1643 1687 1806 1853 2013 2374 2377 2550 2564 2634 2665 2735 2856 3714 3887 3936 4231 4361 4362 4612 5201 5527
30 58 190 194 196 286 350 408 430 483 508 517 538 546 690 699 775 877 958 959 1052 1163 1183 1221 1272 1362 1643 1687 1806 1853 2013 2374 2377 2550 2564 2634 2665 2735 3714 3887 3936 4231 4361 4362 4612 5201 5527
