14692
14692 33470
14692 29424 33470
5192 14692 29424 33470
5203 14692 22756 29424 33470
5192 5203 14692 22756 29424 33470
5192 5203 7181 14692 22756 29424 33470
5192 5203 7181 14692 22756 24198 29424 33470
546 5192 5203 7181 14692 22756 24198 29424 33470
546 760 5192 5203 7181 14692 22756 24198 29424 33470
546 760 5192 5203 7181 14692 18634 22756 24198 29424 33470
546 3301 5192 5203 7181 7720 14692 18634 22756 24198 29424 33470
546 3301 4115 5192 5203 7181 14692 15313 18634 22756 24198 29424 33470
546 4115 5192 5203 6894 7181 14692 15313 18634 19555 22756 24198 29424 33470
546 760 3301 4115 5192 5203 6760 7181 14692 18634 19555 22756 24198 29424 33470
546 2443 3301 4115 4840 5192 6894 7181 7720 14692 18634 19555 22756 24198 29424 33470
546 760 3301 4115 5192 5203 6760 7181 7720 14692 15313 18634 19555 22756 24198 29424 33470
546 760 2443 3301 4115 5192 5884 6894 7181 7720 11821 14692 15313 18634 22756 24198 29424 33470
546 2443 3301 4115 5192 5203 6760 6894 7181 7720 14692 15313 18634 19555 22756 24198 24688 29424 33470
546 760 969 2443 3301 4115 5192 5203 6760 6894 7181 7720 11821 14692 15313 18634 22756 24198 29424 33470
546 760 2443 3301 4115 5192 5203 6894 7181 7720 10579 11821 12330 14692 15313 18634 19555 22756 24198 29424 33470
546 760 2443 3301 4115 5192 5203 6894 7181 7720 10579 11821 12330 14692 15313 17757 18634 19555 22756 24198 29424 33470
