26
26 96
5 26 96
24 26 96 143
5 24 26 96 143
5 24 26 54 96 143
5 24 26 54 78 96 143
5 24 26 54 78 96 143 152
5 24 26 38 54 78 96 143 152
5 24 26 35 38 54 78 96 127 143
5 24 26 35 38 54 78 96 127 143 152
5 24 26 35 38 54 78 96 127 143 145 152
5 9 24 26 35 38 54 78 96 127 143 145 152
2 5 24 26 35 38 54 78 96 127 143 145 149 152
2 5 6 24 26 35 38 54 78 96 127 143 145 149 152
1 5 9 24 26 35 38 54 78 96 127 143 145 149 152 155
1 2 5 9 24 26 35 38 54 78 96 127 143 145 149 152 155
1 2 5 6 9 24 26 35 38 54 78 96 127 143 145 149 152 155
1 2 5 6 9 24 26 35 38 54 78 96 127 141 143 145 149 152 155
1 2 5 6 9 24 26 35 38 54 78 79 96 127 141 143 145 149 152 155
1 2 5 6 9 24 26 35 38 54 78 79 96 127 141 143 145 149 152 155 325
1 2 5 6 9 24 26 35 38 54 78 96 116 127 143 145 147 149 152 155 187 325
1 2 5 6 24 26 35 38 54 78 79 96 116 127 130 141 143 145 147 149 152 155 325
1 2 5 6 24 26 35 38 54 78 79 96 116 127 130 138 141 143 145 147 149 152 155 325
1 2 5 6 9 24 26 35 38 54 78 79 96 116 123 127 130 138 141 143 145 149 152 155 325
1 2 5 6 9 24 26 35 38 54 78 79 96 116 127 130 138 141 143 145 147 149 152 155 187 325
1 2 5 6 9 24 26 35 38 41 54 78 79 96 116 123 127 130 138 141 143 145 147 149 152 155 325
1 2 5 6 9 24 26 35 38 41 54 78 91 96 116 123 127 130 138 141 143 145 147 149 152 155 187 325
1 2 5 6 9 24 26 35 38 41 54 78 79 91 96 116 123 127 130 138 141 143 145 147 149 152 155 187 325
1 2 5 6 9 24 26 35 38 41 54 78 91 96 109 116 123 127 130 138 139 141 143 145 147 149 152 155 187 325
