62 90
62 86 90
62 73 86 90
57 62 73 86 90
47 57 62 73 86 90
47 57 62 73 86 90 92
47 57 60 62 73 86 90 92
47 57 60 62 73 86 90 92 498
28 47 57 60 62 73 86 90 92 498
28 34 47 57 60 62 73 86 90 92 498
28 34 47 57 60 62 73 75 86 90 92 498
28 34 38 47 57 60 62 73 86 90 92 218 498
28 34 38 47 57 60 62 73 75 86 90 92 218 498
28 34 38 47 57 60 62 73 75 86 90 92 218 305 498
28 34 38 47 57 60 62 73 75 86 90 92 218 305 440 498
28 34 38 47 57 60 62 73 75 86 90 92 218 305 388 440 498
28 34 38 47 57 60 62 73 75 86 90 92 210 218 305 440 498 601
28 34 38 47 57 60 62 73 75 86 90 92 218 234 305 310 388 440 498
28 34 38 47 57 60 62 73 75 86 90 92 218 234 305 310 388 440 498 601
28 34 38 47 55 57 60 62 73 75 86 90 92 210 218 234 305 388 440 498 601
28 34 38 47 55 57 60 62 73 75 86 90 92 210 216 218 234 305 388 440 498 601
28 34 38 47 55 57 60 62 73 75 86 90 92 210 218 305 310 380 388 440 498 508 601
28 34 38 47 55 57 60 62 73 75 82 86 90 92 210 216 218 234 305 380 388 440 498 601
0 28 34 38 47 55 57 60 62 73 75 86 90 92 210 216 218 234 305 380 388 440 498 508 601
28 34 38 47 55 57 60 62 73 75 82 86 90 92 210 216 218 234 305 310 380 388 440 498 508 601
0 28 34 38 47 55 57 60 62 73 75 82 86 90 92 210 216 218 234 305 310 380 388 440 498 508 601
0 28 34 36 38 47 55 57 60 62 73 75 86 90 92 210 216 218 234 305 310 380 388 440 498 508 601 781
0 5 28 34 38 47 55 57 60 62 73 75 86 90 92 210 216 217 218 234 305 310 380 388 440 498 508 601 781
0 28 34 38 47 55 57 60 62 73 75 82 86 90 92 210 216 217 218 234 305 310 380 388 440 498 508 549 601 781
