341
341 606
189 341 606
341
341
341
341 606
189 341 606
49 189 341 606
49 189 282 341 606
49 189 214 282 341 606
49 157 189 199 282 341 606
49 157 189 199 214 282 341 606
1 49 157 189 199 214 282 341 606
1 31 49 157 189 199 214 282 341 606
1 31 49 157 161 189 199 214 282 341 606
1 31 49 157 161 189 199 214 282 341 563 606
1 31 49 101 157 189 199 208 214 282 341 563 606
1 31 49 157 161 174 189 199 214 237 282 341 563 606
1 31 49 101 157 161 174 189 199 208 214 282 341 563 606
1 31 49 139 157 161 174 189 199 214 237 282 312 341 563 606
1 31 49 101 139 157 161 174 189 199 214 237 282 341 374 563 606
1 31 49 101 139 157 161 174 189 199 208 214 237 282 341 446 563 606
1 31 49 101 139 157 161 166 174 189 199 208 214 282 316 341 462 563 606
1 12 31 49 101 139 157 161 174 189 199 208 214 237 282 316 341 462 563 606
1 12 31 49 139 157 161 166 174 189 199 214 237 282 290 312 316 341 342 563 606
1 31 49 52 139 157 161 174 189 199 208 214 237 282 312 316 341 342 374 462 563 606
1 31 49 52 95 139 157 161 166 174 189 199 208 214 237 282 290 312 316 341 342 563 606
1 31 49 52 60 101 118 139 157 166 174 189 199 208 214 215 237 282 290 316 341 462 563 606
1 12 31 49 89 139 157 161 166 174 189 199 208 214 237 282 290 312 316 341 342 447 462 563 606
1 12 31 49 52 60 99 139 157 166 174 189 199 208 214 237 282 290 312 316 333 341 342 462 563 606
1 31 49 52 60 95 101 102 118 139 157 166 174 189 199 208 214 215 237 282 290 316 341 447 462 563 606
1 12 31 49 60 89 101 139 157 161 166 174 189 199 208 214 237 245 282 290 316 333 341 342 447 462 563 606
1 31 49 52 58 60 95 99 139 157 166 174 189 199 208 214 237 282 290 312 316 333 341 342 374 447 462 563 606
1 12 24 31 49 60 89 102 113 139 157 161 166 174 189 199 208 214 237 245 282 290 316 333 341 342 447 462 563 606
