6015
6015 6035
5953 6015 6035
5830 5953 6015 6035
5794 5830 5953 6015 6035
4168 5794 5830 5953 6015 6035
34 4168 5794 5830 5953 6015 6035
34 77 4168 5794 5830 5953 6015 6035
34 77 4168 5794 5830 5953 5963 6015 6035
34 77 89 4168 5794 5830 5953 5963 6015 6035
34 77 89 4168 5794 5830 5915 5953 5963 6015 6035
34 77 89 4168 5794 5811 5830 5915 5953 5963 6015 6035
34 77 89 1239 4168 5794 5811 5830 5915 5953 5963 6015 6035
34 77 89 137 1239 4168 5794 5811 5830 5915 5953 5963 6015 6035
34 77 89 137 183 4168 5794 5811 5830 5915 5953 5963 5995 6015 6035
34 77 89 182 183 1239 4168 5794 5811 5830 5915 5953 5963 5999 6015 6035
34 44 77 89 182 183 1239 4168 5794 5811 5830 5915 5953 5963 5999 6015 6035
34 44 77 89 182 183 1239 4168 5794 5811 5830 5879 5915 5953 5995 5999 6015 6035
34 44 77 89 137 182 183 1239 4168 5794 5811 5830 5879 5915 5953 5995 5999 6015 6035
34 44 77 89 137 182 183 1239 4168 5787 5794 5811 5830 5879 5915 5953 5963 5999 6015 6035
34 44 77 89 137 182 183 333 1239 4168 5787 5794 5811 5830 5879 5915 5953 5995 5999 6015 6035
34 44 77 89 137 182 183 529 1239 4168 5787 5794 5811 5830 5879 5915 5953 5995 5999 6015 6035 6039
34 44 77 89 137 182 183 333 529 1239 4168 5787 5794 5811 5830 5879 5915 5953 5963 5995 5999 6015 6035
13 34 44 77 89 137 182 183 333 529 1239 4168 5787 5794 5811 5830 5879 5915 5953 5963 5995 5999 6015 6035
34 44 77 89 137 160 182 183 306 333 1239 4168 5787 5794 5811 5830 5879 5915 5953 5963 5995 5999 6001 6015 6035
13 34 44 77 89 137 160 182 183 292 529 598 1239 4168 5787 5794 5811 5830 5879 5915 5953 5963 5995 5999 6015 6035
13 34 44 77 89 137 182 183 288 292 333 529 1239 4168 5787 5794 5811 5830 5879 5915 5953 5963 5995 5999 6015 6035 6039
30 34 44 77 89 137 182 183 220 333 437 529 1239 4168 5787 5794 5811 5830 5879 5915 5953 5963 5995 5999 6001 6015 6035 6039
13 34 44 77 89 137 160 182 183 292 306 333 529 1239 4168 4276 5787 5794 5811 5830 5879 5915 5953 5963 5995 5999 6001 6015 6035
13 34 44 77 89 137 160 182 183 292 333 437 529 1239 4168 4276 5787 5794 5811 5830 5877 5879 5915 5953 5963 5977 5999 6015 6035 6039
