46 56
30 56 127
1 4 6 67
4 6 17 27 160
2 13 27 31 121 160
2 13 46 59 121 127 160
2 4 6 46 56 77 127 199
1 2 6 31 41 77 145 160 199
2 6 11 13 17 38 41 48 56 199
1 2 4 13 31 38 93 121 127 145 199
2 4 6 11 17 27 46 64 93 121 145 160
2 11 13 17 37 38 41 46 56 64 77 121 145
4 6 11 13 17 27 31 41 46 64 77 121 145 160
1 4 6 13 17 27 31 38 41 56 64 77 121 127 145
1 2 4 6 11 13 17 41 46 48 56 64 121 145 160 199
1 2 4 6 13 17 31 41 46 56 64 77 121 127 145 160 199
1 2 4 6 11 13 17 27 31 41 46 56 64 100 121 145 160 206
1 2 4 6 13 17 27 31 38 41 46 56 59 64 121 127 145 146 171
1 2 4 6 13 17 27 31 38 41 46 56 58 64 71 93 121 127 145 161
1 2 4 6 11 13 17 31 34 41 46 56 59 64 121 145 160 167 197 199 209
1 2 4 6 11 12 13 17 27 31 38 41 46 56 64 68 93 121 131 145 174 210
1 2 4 6 11 13 17 31 38 41 46 48 56 64 69 77 112 121 145 174 199 211 216
1 2 4 6 11 13 17 27 31 38 41 46 56 58 60 64 68 100 121 138 145 161 174 218
1 2 4 6 11 13 17 31 38 41 46 51 56 60 64 93 121 123 138 141 145 146 154 174 199
1 2 4 6 11 13 17 27 31 38 41 46 48 54 56 64 69 93 110 118 121 145 157 176 209 218
1 2 4 6 11 13 17 19 31 38 41 46 48 54 56 64 118 121 138 145 146 167 171 197 199 215 227
