18 245
8 119 335
29 63 119 248
8 27 113 248 263
8 37 156 203 223 266
27 156 223 248 263 266 364
8 73 113 120 156 248 254 263
8 29 119 120 156 248 254 263 266
20 27 73 156 223 248 254 263 266 364
8 27 73 156 223 248 254 263 266 335 564
8 25 27 62 73 85 156 248 254 263 266 564
8 25 27 37 53 85 156 239 249 263 266 297 564
8 18 25 27 62 73 85 119 120 156 248 254 263 266
8 20 53 73 113 120 156 180 195 206 220 254 263 266 297
8 18 25 29 58 62 73 85 89 137 156 180 254 263 297 319
8 20 25 41 62 73 85 89 120 156 180 220 254 263 266 278 297
8 25 29 58 62 73 85 89 120 137 156 180 220 254 263 266 278 297
8 20 25 29 46 58 62 73 85 137 156 180 220 254 263 266 278 297 364
8 19 25 27 40 73 77 85 119 120 156 195 220 248 254 263 266 278 297 564
8 20 25 29 37 46 53 62 73 85 120 137 156 180 239 249 254 263 266 297 564
8 20 25 29 37 46 53 58 62 63 73 85 89 156 180 239 249 254 263 266 297 564
3 8 19 25 27 40 41 58 63 73 77 82 85 119 120 156 195 220 254 263 266 278 297
8 20 25 29 37 46 53 58 62 63 73 85 89 113 138 156 180 239 249 254 263 297 380 564
8 17 20 25 29 53 58 63 73 75 77 85 89 156 180 195 206 220 249 254 263 266 297 385 564
3 8 20 25 41 46 58 73 85 89 113 119 120 138 148 156 168 180 195 206 220 254 263 266 278 297
8 18 20 25 29 46 53 58 62 63 73 75 85 89 113 119 120 138 156 180 195 220 239 254 263 297 380
8 12 18 20 25 29 46 53 58 63 73 85 89 113 119 120 138 156 180 195 206 220 239 254 263 297 467 564
3 8 20 25 29 40 53 58 63 73 77 82 85 89 113 119 120 156 180 195 206 220 254 263 266 278 297 380 564
3 8 12 20 25 29 38 41 53 58 63 73 77 85 89 113 119 137 156 180 195 206 239 249 254 263 266 297 323 564
