56 119
56 119 372
56 119 139 372
168 171 208 285 503
56 110 119 139 171 285
56 110 119 139 171 285 512
56 110 119 139 171 285 287 512
56 119 155 168 169 171 285 287 512
56 88 119 139 168 171 285 287 427 512
56 88 110 119 139 168 171 285 287 505 512
56 88 110 119 139 168 171 285 287 503 505 512
56 88 110 119 139 168 171 285 287 372 503 505 512
56 64 88 110 119 139 168 171 285 287 372 503 505 512
56 85 106 107 110 119 121 139 168 171 178 285 329 505 512
31 35 56 80 106 107 119 155 168 171 285 287 503 505 512 547
31 44 56 106 108 116 119 155 168 169 171 285 287 372 503 505 512
31 35 56 106 110 119 139 168 169 171 235 285 287 329 372 503 505 512
18 31 56 106 108 110 113 118 119 155 168 171 208 260 285 372 380 503 512
31 44 56 64 106 108 116 119 155 168 169 171 285 287 329 372 459 503 505 512
35 56 106 107 108 110 116 119 155 168 171 200 208 285 287 329 336 372 503 505 512
14 31 44 56 88 106 113 118 119 155 168 169 171 275 285 287 309 372 503 505 512 599
31 35 56 80 106 107 116 119 155 168 171 285 287 328 329 372 410 428 440 503 505 512 547
29 31 35 56 77 84 85 108 110 118 119 123 139 168 171 235 275 285 328 336 372 427 505 512
31 35 56 64 106 107 110 113 119 123 155 168 171 204 285 328 329 372 380 428 440 487 503 505 512
14 31 44 56 64 88 106 113 116 119 147 155 168 169 171 275 285 287 322 336 372 410 459 503 505 512
31 35 56 64 88 106 107 110 113 117 118 119 155 168 171 204 275 285 328 372 380 440 459 487 503 505 512
31 35 56 77 88 96 108 110 113 118 119 123 148 155 168 169 171 200 233 235 275 285 336 372 380 503 505 512
14 31 44 56 64 77 83 88 106 107 113 119 123 155 171 194 204 233 275 285 309 336 372 380 410 490 503 505 512
31 35 56 77 84 88 96 108 116 118 119 123 155 168 169 171 200 235 275 285 287 302 328 336 372 427 459 503 505 512
