609 477 452 289 258 230 171
20 34 42 166 184 232 753

//With costs
3 15 20 39 112 179 196 203 229 231 257 264 351 404 443 455 465 486 565 581 642 667 730 735 747 775 779 807 846 903 918 974 979 1014 1052 1066 1100 1136 1230 1248 1255 1304 1375 1451 1477 1495 1499 1504 1554 1597 1620 1636 1652 1673 1726 1850 1865 1880 1927 1929 1941 2067 2306 2311 2358 2366 2403 2423 2426 2470 2596 2674 2706 2869 3081 3295 3319 3412 3529 3587 3588 3625 3663 3720 3733 3741 3885 3889 3979 3980 3991 4039 4077 4129 4226 4241 4521 4531 4638 4708 4729 4738 4753 4823 4867 4892 4907 4944 4961 4965 4977 4983 5010 5048 5116 5122 5215 5244 5283 5407 5489 5608 5659 5713 5720 5790 5824 5829 5842 5906 5933 6002 6271 6272 6303 6421 6500 6535 6537 6545 6572 6598 6681 6702 6706 6838 6949 6995 7050 7069 7089 7179 7202 7249 7523 7568 7638 7755 7765 7785 7848 7911 8103 8137 8168 8247 8249 8271 8324 8453 8477 8502 8504 8510 8522 8622 8675 8695 8746 8795 8799 8849 8867 8868 8907 9002 9017 9051 9071 9083 9173 9240 9287 9306 9341 9472 9544 9588 9606 9661 10065 10267
3 20 72 112 179 229 270 351 381 404 465 486 581 747 779 807 902 903 974 979 1066 1100 1255 2423 2426 2470 3319 3741 4039 4738 4983 5489 5933 6002 8168 9017 9071 10065

//No costs
15 20
15 20 232
0 20 34 166
0 20 34 166 184
20 34 42 166 184 232
16 20 42 70 184 232 753
20 34 42 184 192 228 232 764
20 34 42 166 184 232 398 753 1423
16 20 34 42 70 184 228 232 987 1423
0 44 64 104 113 171 246
