2
2 204
52 68 225
24 135 151 204
24 97 135 204 336
24 52 62 75 97 151
2 24 68 97 129 204 225
24 52 68 75 97 129 204 225
2 24 62 68 75 97 129 204 225
24 52 68 75 90 97 129 204 225 251
2 24 62 68 75 97 138 151 204 225 251
0 2 24 62 68 75 86 113 129 204 225 251
2 24 68 69 75 90 97 113 129 138 204 225 251
0 2 24 62 68 75 97 107 129 138 151 204 225 251
0 3 24 52 68 75 86 90 129 138 151 200 204 225 251
0 15 24 52 68 69 75 86 90 129 138 151 200 204 225 251
15 24 52 68 75 86 89 90 97 129 138 151 204 205 222 225 251
0 2 24 42 68 69 75 89 90 97 113 129 138 145 204 205 225 251
2 15 24 42 44 51 62 68 75 86 129 138 151 200 204 205 222 225 251
2 3 24 42 44 51 68 69 75 86 90 122 129 138 151 180 204 222 225 251
0 2 3 23 24 42 51 62 68 69 75 89 97 107 129 138 151 180 204 225 251
0 2 23 24 42 44 62 68 69 75 89 97 129 135 138 151 180 204 205 222 225 251
2 24 42 44 51 53 62 68 69 75 86 89 90 97 113 129 138 145 200 204 222 225 251
2 3 15 23 24 42 44 51 68 69 75 86 89 90 97 129 138 151 180 204 205 222 225 251
2 3 15 23 24 42 44 51 53 62 68 69 75 89 90 97 113 129 138 200 204 205 222 225 251
0 2 3 23 24 42 44 51 62 68 69 75 86 89 90 97 113 129 138 151 200 204 205 222 225 251
0 2 23 24 42 44 45 51 62 68 69 75 86 89 90 97 113 129 138 151 185 200 204 205 222 225 251
0 2 3 15 23 24 42 44 51 57 62 68 69 75 86 89 90 97 129 138 151 180 200 204 205 222 225 251
0 2 3 15 23 24 42 44 51 62 68 69 75 86 89 90 97 113 129 133 138 151 180 200 204 205 222 225 251
0 2 3 9 15 23 24 29 42 44 51 57 62 68 69 75 86 89 90 97 129 138 151 180 200 204 205 222 225 251
0 2 3 9 15 21 23 24 29 42 44 51 62 68 69 75 86 89 90 97 106 113 129 138 151 200 204 205 222 225 251
0 2 3 9 23 24 42 44 45 51 57 62 68 69 75 86 89 90 97 113 123 129 138 151 180 185 200 204 205 222 225 251
0 2 3 15 21 23 24 29 42 44 51 62 68 69 75 86 89 90 97 106 113 123 129 133 138 151 180 200 204 205 222 225 251
0 2 3 9 15 23 24 29 42 44 51 62 68 69 75 86 89 90 97 106 111 113 123 129 133 138 151 200 204 205 222 225 251 337
0 2 3 9 15 21 23 24 29 42 44 51 62 64 68 69 75 86 89 90 97 106 111 113 123 129 138 151 200 204 205 222 225 251 339
0 2 3 9 15 21 23 24 29 42 44 51 62 68 69 75 86 89 90 97 106 113 123 129 133 138 151 180 204 205 222 225 242 251 337 339
0 2 3 9 15 23 24 42 44 51 62 69 75 82 86 89 90 92 97 106 113 123 129 133 138 142 151 180 185 192 197 200 203 205 222 225 251
0 2 9 15 21 23 24 29 42 44 51 54 56 62 68 69 75 86 89 90 92 97 106 113 123 129 133 138 147 151 180 185 200 204 205 222 225 251
0 2 3 9 15 21 23 24 29 42 44 51 54 62 68 69 75 86 89 90 97 106 113 122 123 129 133 137 138 148 151 180 197 200 204 205 222 225 251
0 2 3 9 15 21 23 24 44 51 54 62 64 69 75 86 89 90 97 106 113 123 129 133 138 147 148 151 180 200 203 204 205 222 225 242 251 312 337 339
0 3 9 21 23 24 29 42 44 45 51 56 62 64 68 69 75 86 89 90 97 106 111 113 123 129 133 137 138 147 148 151 180 185 200 204 205 222 225 226 251
0 2 3 9 15 21 23 24 29 38 44 51 54 62 68 69 75 82 86 89 90 97 106 111 113 123 129 133 137 138 147 151 180 185 197 200 204 205 211 222 225 251
0 2 3 9 21 23 24 29 38 44 45 51 62 68 69 75 86 89 90 92 97 106 111 113 122 123 129 133 137 138 142 147 151 180 200 204 205 211 222 225 242 251 339
0 2 3 9 21 23 24 29 42 44 45 51 62 68 69 75 82 86 89 90 92 97 106 113 123 129 133 138 142 147 148 151 180 185 200 204 205 211 222 225 242 251 337 339
0 3 9 15 21 23 24 29 42 44 45 51 54 56 62 64 68 69 75 86 89 90 97 106 111 113 123 129 133 137 138 151 180 185 192 200 204 205 222 225 226 242 251 337 339
0 2 3 9 15 21 23 24 29 38 44 51 54 56 62 68 69 75 82 86 89 90 97 106 111 113 122 123 129 133 137 138 142 147 151 180 200 204 205 222 225 226 242 251 337 339
0 2 3 21 23 24 29 38 44 45 51 54 56 62 67 68 69 75 82 86 89 90 92 97 106 113 122 123 129 133 137 138 145 147 151 180 192 200 204 205 211 222 225 242 251 337 339
0 3 9 15 21 23 24 29 42 44 51 54 56 62 64 68 69 75 82 86 89 90 97 106 113 122 123 129 133 137 138 142 147 148 151 180 192 197 200 204 205 222 225 226 242 251 337 339
0 2 3 9 15 21 23 24 29 38 44 51 54 56 62 64 68 69 75 86 89 90 92 97 106 111 113 123 129 133 135 137 138 142 147 148 151 180 185 192 197 200 204 205 211 222 225 251 337
0 2 3 9 15 21 23 24 25 29 42 44 45 51 54 56 62 64 68 69 75 82 86 89 90 97 106 111 113 122 123 129 133 138 142 147 148 151 180 192 197 200 204 205 222 225 226 242 251 337
0 2 3 9 15 21 23 24 29 38 44 45 51 54 56 62 64 68 69 75 82 86 89 90 92 97 106 111 113 123 129 133 137 138 142 147 151 180 185 192 197 200 204 205 211 222 225 242 251 337 339
0 2 3 9 15 21 23 24 29 42 44 45 51 54 56 62 68 69 75 86 89 90 92 97 106 111 113 122 123 129 133 135 137 138 142 147 148 151 180 192 197 200 204 205 211 222 225 242 251 316 337 339
0 2 3 9 15 21 23 24 29 42 44 45 51 54 56 62 64 68 69 75 86 89 90 92 97 106 111 122 123 129 132 133 135 137 138 142 145 147 148 151 180 192 197 200 204 205 211 222 225 242 251 337 339
0 2 3 9 15 21 23 24 25 29 38 44 45 51 54 56 62 64 68 69 75 82 86 89 90 92 97 106 111 113 123 129 133 137 138 142 147 148 151 180 185 192 197 200 204 205 211 222 225 242 251 337 339 369
0 2 3 9 15 21 23 24 25 29 38 44 45 51 54 56 62 64 68 69 75 86 89 90 92 97 106 111 113 122 123 129 133 135 137 138 142 145 147 148 151 169 180 192 197 200 204 205 211 222 225 251 316 337 339
0 2 3 9 15 21 23 24 29 32 38 42 44 45 51 54 56 62 64 68 69 75 86 89 90 92 97 106 111 113 122 123 129 133 135 138 142 147 148 151 177 180 192 197 200 204 205 211 222 225 242 251 316 337 339 365
0 2 3 9 15 21 23 24 29 38 42 44 45 51 53 54 56 62 64 68 69 75 86 89 90 92 97 106 111 113 122 123 129 130 132 133 135 137 138 142 147 148 151 180 197 200 204 205 211 222 225 242 251 312 316 337 339
0 2 3 15 21 23 24 29 32 38 44 45 51 54 56 62 64 67 68 69 75 82 86 89 90 92 97 106 111 113 123 129 133 135 137 138 142 145 147 148 151 169 180 185 192 197 200 204 205 211 222 225 242 251 316 337 339 369
0 2 3 9 15 21 23 24 29 32 42 44 45 51 53 54 56 62 64 68 69 75 86 89 90 92 97 106 107 111 113 123 129 132 133 135 137 138 142 147 148 151 169 180 185 192 197 200 204 205 211 222 225 242 251 316 337 339 369
0 2 3 9 10 15 21 23 24 29 38 42 44 45 51 53 54 56 62 64 68 69 75 82 86 89 90 92 97 106 111 113 123 129 132 133 135 137 138 142 145 147 148 151 180 185 192 197 200 204 205 211 222 225 242 251 316 337 339 369
0 2 3 9 15 21 23 24 29 32 38 42 44 45 51 53 54 56 62 64 68 69 75 86 89 90 92 97 106 111 113 122 123 129 130 132 133 135 137 138 142 147 148 151 169 180 185 192 197 200 204 205 211 222 225 242 251 316 337 339 365
0 2 3 15 21 23 24 29 32 38 44 45 51 53 54 56 62 64 67 68 69 75 82 86 89 90 92 97 106 107 113 122 123 129 132 133 135 137 138 142 145 147 148 151 169 180 185 192 197 200 204 205 208 211 222 225 242 251 316 337 339 369
0 2 3 9 15 21 23 24 29 38 42 44 45 51 53 54 56 62 64 68 69 75 82 86 89 90 92 95 97 106 111 113 122 123 129 130 132 133 135 137 138 142 147 148 151 169 180 185 192 197 200 204 205 211 222 225 242 251 316 337 339 365 369
0 2 3 9 15 21 23 24 29 31 32 42 44 45 51 52 54 62 64 68 69 75 76 86 89 90 92 94 97 106 111 122 123 129 130 132 133 135 137 138 142 146 147 148 151 169 180 185 197 200 204 205 206 211 222 225 242 251 312 313 316 337 339 369
0 2 3 9 15 21 23 24 29 31 32 42 44 45 52 53 54 56 62 64 68 69 75 76 77 82 86 89 90 92 94 97 106 107 122 123 129 130 132 133 135 137 138 142 143 147 148 151 180 185 197 200 204 205 208 211 222 225 242 251 316 325 339 350 369
0 2 3 9 15 20 21 23 24 29 32 38 42 44 45 51 54 56 62 64 68 69 75 82 86 89 90 92 97 106 109 113 122 123 129 130 132 133 135 137 138 142 147 148 151 162 169 180 185 192 197 200 204 205 208 211 222 225 242 251 313 316 337 339 365 369
0 2 3 9 15 21 23 24 29 32 38 44 45 51 53 54 56 62 64 67 68 69 75 82 86 89 90 92 97 106 111 113 122 123 127 129 130 132 133 135 137 138 142 145 147 148 151 169 180 185 192 197 200 204 205 211 212 222 225 242 251 293 316 332 337 339 369
0 2 3 9 15 16 21 23 24 25 29 32 38 44 45 51 53 54 56 62 67 68 69 75 82 86 89 90 92 94 97 106 111 122 123 129 130 133 135 137 138 142 143 147 148 151 169 180 185 192 196 197 200 204 205 211 212 222 225 242 251 316 317 325 337 339 365 369
0 2 3 9 15 21 23 24 25 29 32 38 42 44 45 51 53 54 57 62 64 67 68 69 75 82 86 89 90 92 97 106 111 113 122 123 127 129 130 133 135 137 138 142 145 146 147 148 151 169 180 185 192 197 200 204 205 211 212 222 225 242 251 313 316 337 339 350 369
0 2 3 9 15 21 23 24 29 31 32 38 44 45 52 53 54 56 62 64 67 68 69 75 76 82 86 89 90 92 94 97 106 111 122 123 129 130 132 133 135 137 138 142 147 148 151 162 169 173 180 185 197 200 204 205 206 211 222 225 242 251 308 312 316 317 325 337 339 369
0 2 3 9 10 15 21 23 24 25 29 32 38 44 45 51 53 54 56 62 64 67 68 69 75 82 86 89 90 92 97 106 109 113 122 123 129 130 133 135 137 138 142 147 148 151 169 173 174 180 185 192 197 200 204 205 208 211 222 225 242 251 308 313 316 332 337 339 351 365 369
0 2 3 9 15 20 21 23 24 25 29 32 38 42 44 45 51 53 54 56 62 64 68 69 75 82 86 89 90 92 97 106 111 113 122 123 126 129 130 132 133 135 137 138 142 147 148 151 169 180 185 192 197 199 200 204 205 211 212 222 223 225 242 251 308 316 325 337 339 350 365 369
0 2 3 9 15 21 23 24 29 32 42 44 45 52 53 54 57 62 64 68 69 75 76 82 86 89 90 92 93 94 97 106 107 111 122 123 129 130 132 133 135 137 138 142 143 146 147 148 151 169 180 185 192 197 200 204 205 206 211 212 222 223 225 226 242 251 313 316 317 325 337 339 365
0 2 3 9 10 15 20 21 23 24 29 32 42 44 45 52 53 54 56 62 64 68 69 75 76 82 86 89 90 92 93 94 95 97 106 111 122 123 129 130 132 133 135 137 138 142 147 148 151 162 169 180 185 192 197 200 204 205 206 211 222 225 226 242 251 308 316 317 325 337 339 350 365 369
0 2 3 9 15 16 21 23 24 29 31 32 38 44 45 51 52 53 54 57 62 64 67 68 69 75 82 86 89 90 92 94 97 106 111 122 123 129 130 132 133 135 137 138 142 146 147 148 151 169 173 180 185 197 200 204 205 208 211 212 214 222 223 225 226 242 251 308 312 313 316 317 337 339 369
0 2 3 9 13 15 16 21 23 24 25 29 31 32 38 44 45 51 52 53 54 56 62 64 67 68 69 75 76 82 86 89 90 92 93 94 97 106 109 122 123 129 130 133 137 138 142 143 147 148 151 162 169 180 185 196 197 200 203 204 205 211 222 223 225 226 242 251 293 312 316 317 325 337 339 369
0 2 3 9 15 16 21 23 24 25 29 32 38 42 44 45 51 52 53 54 56 62 64 68 69 75 82 86 89 90 92 94 97 106 107 111 122 123 129 130 132 133 135 137 138 142 143 146 147 148 151 169 173 174 180 185 192 196 197 199 200 204 205 211 214 222 223 225 242 251 308 316 317 337 339 365 369
0 2 3 9 10 15 20 21 23 24 25 29 32 38 44 45 51 53 54 56 62 64 67 68 69 75 76 82 86 89 90 92 97 106 111 113 122 123 126 129 130 132 133 135 137 138 142 143 147 148 151 169 173 174 178 180 185 192 196 197 200 204 205 206 211 212 222 225 242 251 316 317 325 332 337 339 365 369
0 2 3 7 9 15 20 21 23 24 29 32 38 44 45 48 51 53 57 62 64 67 68 69 75 82 86 89 90 92 93 94 97 106 111 122 123 129 130 132 133 135 137 138 142 143 146 147 148 151 162 169 174 180 185 192 197 199 200 204 205 206 211 222 223 225 242 251 293 308 313 316 317 332 337 339 350 365 369
0 2 3 9 15 16 21 23 24 29 32 38 42 44 45 51 53 54 56 62 64 66 67 68 69 70 75 82 86 89 90 92 93 95 97 106 109 111 113 122 123 127 129 130 132 133 135 137 138 142 145 146 147 148 151 162 169 174 180 185 192 196 197 199 200 204 205 211 212 214 222 225 226 237 242 251 332 337 339 369
0 2 3 7 9 15 16 21 23 24 25 29 31 32 42 44 45 51 52 53 54 56 62 64 67 68 69 75 76 82 86 89 90 92 94 97 106 109 122 123 129 130 133 135 137 138 142 143 146 147 148 151 162 169 174 180 185 197 199 200 204 205 208 211 222 223 225 242 251 254 308 312 313 316 317 325 332 337 339 351 369
0 2 3 7 9 10 15 20 21 23 24 29 31 32 38 44 45 51 52 53 54 57 62 64 67 68 69 75 82 86 89 90 92 94 97 106 109 122 123 129 130 132 133 135 137 138 142 143 146 147 148 151 169 180 185 196 197 200 204 205 206 208 211 212 214 222 223 225 242 251 293 308 312 313 316 317 325 332 337 339 350 369
0 2 3 7 9 10 15 16 21 23 24 29 32 38 42 44 45 48 51 53 54 57 62 64 68 69 75 76 82 86 89 90 92 95 97 106 109 111 113 122 123 127 129 130 132 133 135 137 138 142 146 147 148 151 162 169 174 180 185 192 196 197 200 204 205 206 208 211 212 214 222 225 226 242 251 293 313 316 332 337 339 365 369
0 2 3 9 10 15 16 21 23 24 25 29 32 38 44 45 51 53 54 57 62 64 67 68 69 70 75 76 82 86 89 90 92 95 97 106 109 111 113 122 123 129 130 133 135 137 138 142 145 146 147 148 151 162 169 174 180 185 192 196 197 199 200 204 205 208 211 212 222 223 225 242 251 254 308 312 313 316 317 332 337 339 350 369
0 2 3 7 9 15 16 21 23 24 25 29 32 38 42 44 45 48 51 53 54 62 64 67 68 69 75 76 82 86 89 90 92 93 94 95 97 106 111 113 122 123 129 130 133 135 137 138 142 146 147 148 151 162 169 174 180 185 192 196 197 199 200 204 205 208 211 212 214 222 223 225 226 242 251 254 308 313 316 332 337 339 350 365 369
0 2 3 7 9 10 15 20 21 23 24 29 31 32 38 44 45 51 52 53 54 57 62 64 67 68 69 70 75 76 82 86 89 90 92 94 97 106 109 111 122 123 129 130 132 133 135 137 138 142 143 146 147 148 151 162 169 173 174 178 180 185 196 197 199 200 204 205 206 208 211 212 214 222 225 226 242 251 293 312 313 316 317 337 339 369
0 2 3 9 15 16 21 23 24 25 29 32 38 42 44 45 51 52 53 54 57 62 64 67 68 69 75 76 77 82 86 89 90 92 93 94 97 106 111 122 123 129 130 133 135 137 138 142 143 146 147 148 151 162 169 173 174 180 185 192 197 199 200 204 205 206 208 211 212 214 222 223 225 226 242 251 254 293 308 313 316 332 337 339 350 365 369
0 2 3 7 9 10 15 16 21 23 24 25 29 32 38 42 44 45 48 51 53 54 56 62 64 67 68 69 75 76 82 86 89 90 92 93 94 95 97 106 109 111 122 123 129 130 132 133 135 137 138 142 143 147 148 151 162 169 180 185 192 196 197 199 200 204 205 208 211 212 214 222 223 225 226 242 251 293 313 316 317 325 332 337 339 350 365 369
0 2 3 7 9 10 15 16 21 23 24 25 29 32 38 44 45 51 53 54 56 62 64 67 68 69 75 76 82 86 89 90 92 93 94 97 100 106 111 113 122 123 129 130 132 133 135 137 138 142 143 146 147 148 151 162 169 173 174 178 180 185 192 196 197 199 200 204 205 206 208 211 214 222 223 225 226 242 251 293 308 313 316 317 325 337 339 365 369
0 2 3 7 9 10 15 16 21 23 24 25 29 32 38 42 44 45 51 53 54 57 62 64 67 68 69 75 76 82 86 89 90 92 93 95 97 106 109 111 113 122 123 126 129 130 132 133 135 137 138 142 143 146 147 148 151 162 169 173 174 180 185 192 196 197 200 204 205 206 208 211 214 222 223 225 226 242 251 291 308 313 316 317 325 337 339 350 365 369
0 2 3 9 10 15 16 21 23 24 25 29 31 32 38 42 44 45 51 52 53 54 62 64 67 68 69 75 76 82 86 89 90 92 93 94 95 97 106 109 111 122 123 129 130 133 135 137 138 142 143 146 147 148 151 162 169 173 174 180 185 196 197 200 204 205 206 208 211 212 214 222 223 225 226 242 251 254 272 293 308 312 313 316 317 325 332 337 339 350 369
0 2 3 6 7 9 15 20 21 23 24 25 29 32 38 42 44 45 48 51 53 54 57 62 64 67 68 69 75 76 82 86 89 90 92 93 95 97 106 109 113 122 123 129 130 132 133 135 137 138 142 143 146 147 148 151 162 169 174 180 185 191 192 196 197 199 200 204 205 206 208 211 212 214 222 223 225 226 242 251 293 313 316 317 325 330 332 337 339 350 365 369
0 2 3 7 9 10 15 20 21 23 24 25 29 32 38 44 45 48 51 53 54 56 62 64 67 68 69 75 76 82 86 89 90 92 93 95 97 103 106 109 111 113 122 123 126 129 130 133 135 137 138 142 143 146 147 148 151 162 169 174 178 180 185 192 196 197 199 200 204 205 206 208 211 212 214 222 223 225 226 242 251 254 308 313 316 317 325 332 337 339 365 369 422
0 2 3 7 9 10 15 16 21 23 24 25 29 32 38 44 45 48 51 53 57 62 64 67 68 69 75 76 82 84 86 89 90 92 93 97 106 109 111 113 117 122 123 126 129 130 132 133 135 137 138 142 143 146 147 148 151 162 169 174 180 185 192 196 197 199 200 204 205 206 208 211 212 214 222 223 225 226 242 251 308 313 316 317 325 330 332 337 339 350 363 365 369 422
0 2 3 7 9 10 15 16 21 23 24 25 29 32 38 42 44 45 51 52 53 54 56 62 64 67 68 69 75 76 79 82 86 89 90 92 93 94 97 106 109 116 122 123 129 130 133 135 137 138 142 143 146 147 148 151 162 169 173 174 180 185 191 192 196 197 199 200 204 205 206 208 211 212 214 222 223 225 226 242 251 254 293 308 313 316 317 325 332 337 339 350 351 365 369
0 2 3 7 9 10 15 20 21 23 24 29 32 38 42 44 45 51 53 54 56 62 64 67 68 69 75 76 82 86 89 90 92 93 95 97 100 106 109 111 113 122 123 126 129 130 132 133 135 137 138 142 143 146 147 148 151 162 169 173 174 180 185 192 196 197 199 200 204 205 206 208 211 212 214 222 223 225 226 242 251 293 308 312 313 316 317 319 325 332 337 338 339 350 365 369
0 2 3 7 9 10 15 20 21 23 24 25 29 32 38 42 44 45 51 52 53 54 57 62 64 66 67 68 69 75 76 82 86 89 90 92 93 94 95 97 106 109 111 122 123 129 130 132 133 135 137 138 142 143 146 147 148 151 162 164 169 173 174 180 185 192 196 197 199 200 204 205 206 208 211 212 214 222 223 225 226 242 251 293 308 313 316 317 325 332 337 338 339 350 365 369 422
0 2 3 7 9 10 15 20 21 23 24 25 29 31 32 38 42 44 45 51 53 54 57 62 64 67 68 69 75 76 82 86 89 90 92 93 97 106 109 113 122 123 126 129 130 133 135 137 138 142 143 146 147 148 151 162 164 169 173 174 180 185 192 196 197 199 200 204 205 206 208 211 212 214 222 223 225 226 242 251 254 293 304 308 312 313 316 317 325 330 332 337 339 350 351 363 369 394
0 2 3 7 9 10 13 15 20 21 23 24 25 29 32 38 42 44 45 51 52 53 54 57 62 64 66 67 68 69 75 76 82 86 89 90 92 93 94 95 97 106 109 111 119 122 123 129 130 132 133 137 138 142 143 146 147 148 151 162 165 169 173 174 180 185 192 196 197 199 200 203 204 205 206 208 211 212 214 222 223 225 226 242 251 254 293 304 308 313 316 317 325 332 337 339 350 365 369
0 2 3 6 7 9 10 15 20 21 23 24 25 29 32 38 42 44 45 51 53 54 56 62 64 67 68 69 75 76 82 86 89 90 92 93 95 97 100 106 107 111 113 119 122 123 126 129 130 132 133 135 137 138 142 143 147 148 151 162 169 173 174 180 185 192 196 197 199 200 204 205 206 208 211 212 214 222 223 225 226 242 251 254 291 293 308 309 312 313 316 317 325 337 339 350 363 365 369 422
