6026
6006 6026
6006 6026 6030
5944 6006 6026 6030
5944 6006 6025 6026 6030
5944 6006 6015 6025 6026 6030
5944 5990 6006 6015 6025 6026 6030
5944 5986 5990 6006 6015 6025 6026 6030
5944 5986 5990 6006 6015 6025 6026 6027 6030
5821 5944 5986 5990 6006 6015 6025 6026 6027 6030
4155 5821 5944 5986 5990 6006 6015 6025 6026 6027 6030
4155 5821 5944 5986 5990 6000 6006 6015 6025 6026 6027 6030
5821 5944 5954 5986 5990 5992 6000 6006 6015 6025 6026 6027 6030
4155 5821 5944 5954 5986 5990 5992 6000 6006 6015 6025 6026 6027 6030
1148 4155 5821 5944 5986 5990 5992 5997 6000 6006 6015 6025 6026 6027 6030
4155 5785 5802 5821 5944 5954 5986 5990 6000 6006 6015 6025 6026 6027 6029 6030
4155 5802 5821 5944 5954 5968 5986 5990 5992 6000 6006 6015 6025 6026 6027 6029 6030
1148 4155 5785 5821 5944 5954 5968 5986 5990 5992 5997 6000 6006 6015 6025 6026 6027 6030
4155 5785 5802 5821 5944 5954 5968 5986 5990 5992 5997 6000 6006 6015 6025 6026 6027 6029 6030
1148 4155 5785 5802 5821 5944 5954 5968 5986 5990 5992 5997 6000 6006 6015 6025 6026 6027 6029 6030
382 1148 4155 5785 5802 5821 5944 5954 5968 5986 5990 5992 5997 6000 6006 6015 6025 6026 6027 6029 6030
382 1148 4155 5785 5802 5821 5938 5944 5954 5968 5986 5990 5992 5997 6000 6006 6015 6025 6026 6027 6029 6030
382 1148 4155 5778 5785 5802 5821 5906 5944 5954 5968 5986 5990 5992 5997 6000 6006 6015 6025 6026 6027 6029 6030
382 1148 4155 5785 5802 5821 5870 5906 5944 5954 5968 5971 5986 5990 5992 5997 6000 6006 6015 6025 6026 6027 6029 6030
382 1148 4155 5778 5785 5802 5821 5906 5938 5944 5954 5968 5971 5986 5990 5992 5997 6000 6006 6015 6025 6026 6027 6029 6030
382 1148 4155 5778 5785 5802 5821 5870 5906 5938 5944 5954 5968 5971 5986 5990 5992 5997 6000 6006 6015 6025 6026 6027 6029 6030
382 1148 4155 5778 5785 5802 5821 5870 5906 5938 5944 5954 5962 5968 5971 5986 5990 5992 5997 6000 6006 6015 6025 6026 6027 6029 6030
64 1148 4155 5778 5785 5802 5821 5870 5906 5938 5944 5954 5962 5968 5971 5986 5990 5992 5997 6000 6006 6013 6015 6025 6026 6027 6029 6030
64 209 382 1148 4155 5778 5785 5802 5821 5870 5906 5938 5944 5951 5954 5968 5971 5986 5990 5992 5997 6000 6006 6015 6025 6026 6027 6029 6030
209 279 382 1148 4155 5778 5785 5802 5821 5870 5906 5938 5944 5954 5968 5971 5986 5990 5991 5992 5997 6000 6006 6013 6015 6025 6026 6027 6029 6030
