145 278
125 145 278
68 125 145 278
3 57 125 145 278
81 125 126 145 180 278
57 90 125 139 145 180 278
3 57 90 125 139 145 180 278
3 57 90 125 126 139 145 180 278
3 65 85 90 125 139 145 180 227 278
1 3 14 68 90 125 139 145 180 227 278
3 41 74 85 90 119 125 139 180 205 278 294
3 14 65 74 79 90 125 139 145 161 180 278 294
1 3 14 65 74 85 87 90 125 139 145 180 278 294
3 14 65 74 81 85 125 133 139 145 180 220 227 278 289
1 3 14 65 74 81 85 125 139 145 180 220 227 278 289 294
1 3 14 65 74 81 85 125 133 139 145 180 220 227 278 289 294
1 3 6 14 65 74 81 85 90 125 133 139 145 161 180 220 278 294
1 3 6 9 14 65 74 81 85 90 125 133 139 145 161 180 220 278 294
1 3 6 14 65 74 81 85 87 90 125 133 139 145 161 180 220 278 294 337
1 3 6 9 14 54 65 69 74 79 90 125 130 133 139 144 145 161 180 294 337
1 2 3 6 14 54 65 74 79 87 90 125 133 139 145 161 180 183 220 278 294 337
1 3 6 14 21 68 69 74 79 87 90 96 116 125 133 139 144 145 160 180 183 278 325
1 3 6 9 14 65 68 74 81 85 87 90 96 125 130 133 139 145 160 180 220 294 325 337
1 3 6 14 23 65 68 74 81 85 87 90 96 116 119 125 133 139 160 180 220 227 278 279 294
1 2 3 6 14 54 65 74 79 81 87 90 96 117 125 133 139 144 145 180 183 220 278 294 325 337
1 3 6 7 14 23 54 65 74 81 85 87 90 114 116 117 119 125 133 139 180 183 220 227 278 289 294
1 2 3 6 14 54 65 69 74 79 81 87 90 119 125 126 130 133 139 144 145 180 183 278 288 294 325 337
1 3 6 14 23 54 65 68 69 74 79 81 87 90 116 117 119 125 133 139 144 180 183 227 278 289 294 337 343
1 3 6 14 23 54 65 68 69 74 79 81 87 90 96 116 117 119 125 133 139 144 180 183 278 289 294 325 337 343
