43 141
43 141 146
43 75 137 146
43 75 141 146 209
40 43 75 141 146 209
40 43 75 141 146 185 209
40 43 75 84 141 144 146 209
40 43 75 76 141 146 185 209 417
40 43 75 141 142 144 146 185 209 417
40 43 75 98 141 142 146 185 417 676 1109
16 40 43 75 84 141 142 144 146 185 209 417
16 17 40 43 75 76 134 141 146 185 209 443 569
16 40 43 75 98 141 142 144 146 176 185 417 676 1109
16 40 43 75 98 134 141 142 146 185 417 443 601 676 756
40 43 75 76 98 141 142 144 146 185 209 340 417 676 756 1109
16 40 43 75 76 92 98 134 141 146 185 417 443 564 569 676 756
16 40 43 75 76 98 134 141 142 144 146 185 234 340 417 676 756 1109
16 29 40 43 75 98 134 141 142 144 146 185 234 298 443 569 640 676 756
16 17 29 40 43 69 75 76 92 98 134 141 146 185 209 298 443 564 676 756
0 3 4 7 9 12 23 31 40 149
0 3 4 7 9 12 23 31 40 149
0 3 4 7 9 12 23 31 91 149
0 3 4 7 9 12 23 31 40 149
0 2 4 6 8 10 13 19 41 51
1 15 17 19 21 28 29 35 36 48
1 3 8 15 19 20 23 24 35 69
1 7 22 26 34 36 48 55 71 146
1 17 18 39 42 46 47 57 61 75
3 7 9 11 19 21 24 27 28 59
0 4 9 31 149
4 9 12 31 149
0 4 9 12 31 149
0 3 4 9 12 31 149
0 3 4 9 12 23 31 149
0 3 4 7 9 12 23 31 149
0 3 4 7 9 12 23 31 40 149
0 3 4 7 9 12 23 31 40 91 149
0 3 4 7 9 12 23 31 40 72 91 149
0 3 4 7 9 12 23 31 40 65 72 91 149
0 3 4 7 9 12 13 23 31 40 65 72 91 149
0 3 4 7 9 12 13 23 31 40 65 72 76 123 149
0 4 8 13 84
0 2 4 8 13 84
0 4 6 8 13 19 41
0 2 4 8 13 19 51 84
0 2 4 6 8 13 19 41 51
0 2 4 6 8 13 19 29 41 51
0 2 4 6 8 13 19 29 40 41 51
0 2 4 6 8 10 13 19 29 40 41 51
0 2 4 6 8 10 13 15 19 29 40 41 51
0 2 4 6 8 10 13 15 16 19 29 40 41 51
0 2 4 6 8 10 13 15 16 19 29 40 41 51 199
1 15 19 21 28
1 15 19 21 28 48
1 15 17 19 21 28 48
1 15 17 19 21 28 35 48
1 15 17 19 21 28 29 35 48
1 15 17 19 21 28 29 35 36 48
1 11 15 17 18 19 21 28 29 36 48
1 11 15 17 19 21 28 29 35 36 45 48
0 1 11 15 17 19 21 28 29 35 36 45 48
0 1 11 15 17 18 19 21 28 29 35 36 45 48
0 1 11 15 17 18 19 21 26 28 29 35 36 45 48
1 3 8 24 35
1 3 8 15 24 35
1 3 8 15 19 24 35
1 3 8 15 19 23 24 35
1 3 8 15 19 23 24 35 69
1 3 8 15 19 20 23 24 35 69
1 3 8 15 19 20 23 24 35 61 69
1 3 8 15 19 20 23 24 35 61 69 134
1 3 8 15 19 20 23 24 35 38 61 69 134
1 3 8 11 15 19 23 24 35 36 38 61 69 134
1 3 8 11 15 19 20 23 24 35 36 38 61 69 134
1 7 22 36 48
1 7 22 26 36 48
1 7 22 26 36 48 55
1 7 22 36 48 55 71 146
1 7 22 26 36 48 55 71 146
1 7 22 26 36 48 55 71 146 300
1 7 22 26 34 36 48 55 71 146 300
1 7 22 26 34 36 48 55 71 136 146 300
0 1 7 22 26 34 36 48 55 71 136 146 300
1 7 22 26 34 36 48 55 71 107 136 146 258 300
1 7 22 26 36 48 55 71 95 107 136 146 231 258 300
1 18 46 47 61
1 17 18 46 47 61
1 17 18 39 46 47 61
1 17 18 42 46 47 57 61
1 17 18 39 42 46 47 57 61
1 17 18 39 42 46 47 57 61 75
0 1 17 18 40 42 46 47 57 61 75
0 1 17 18 39 40 42 46 47 57 61 75
0 1 17 18 32 39 40 42 46 47 57 61 75
0 1 17 18 32 39 40 42 46 47 50 57 61 75
0 1 17 18 31 32 39 40 42 46 47 50 57 61 75
3 7 9 11 24
3 7 9 11 24 28
3 7 9 11 24 28 59
3 7 9 11 24 27 28 59
3 7 9 11 19 24 27 28 59
3 7 9 11 19 21 24 27 28 59
3 7 9 11 18 19 21 24 27 28 59
3 7 9 11 18 19 21 24 27 28 29 59
1 3 7 9 11 12 18 19 21 24 27 28 59
1 3 7 9 11 18 19 21 24 27 28 29 43 59
1 3 7 9 11 12 18 19 21 24 27 28 29 43 59
17 53 66 67 305
9 45 53 66 67 305
8 17 29 53 66 67 305
0 8 9 45 53 66 67 305
0 8 9 17 29 53 66 67 305
0 8 9 29 45 53 66 67 191 305
0 8 9 29 45 53 66 67 89 191 305
0 8 17 19 29 53 66 67 79 89 180 305
0 8 9 29 45 53 66 67 89 145 180 191 305
0 8 9 17 29 45 53 66 67 191 305 317 346 471
0 8 9 14 17 29 53 66 67 79 89 139 148 305 471
0 1 2 3 7
1 2 3 6 7 21
1 2 3 6 7 8 21
1 2 3 6 7 8 21 43
0 1 2 3 6 7 8 21 43
0 1 2 3 6 7 8 21 30 43
0 1 2 3 6 7 8 21 30 39 43
0 1 2 3 6 7 8 21 22 30 39 43
0 1 2 3 6 7 8 21 22 30 36 39 43
0 1 2 3 6 7 8 21 22 30 36 39 43 53
0 1 2 3 6 7 8 16 21 22 30 36 39 43 53
1 2 4 5 7
1 2 3 4 5 7
1 2 3 4 5 7 14
1 2 3 4 5 7 9 14
1 2 3 4 5 7 9 14 25
1 2 3 4 5 7 9 14 16 25
1 2 3 4 5 7 9 14 16 18 25
1 2 3 4 5 7 9 14 16 18 25 28
1 2 3 4 5 7 9 14 16 18 24 25 28
0 1 2 3 4 5 7 9 14 16 18 24 25 28
0 1 2 3 4 5 7 9 14 15 16 18 24 25 28
5 7 11 25 32
5 7 11 32 39 89
4 5 7 11 25 32 89
5 7 9 11 25 32 33 89
4 5 7 9 11 25 32 38 89
4 5 7 9 11 25 32 33 38 89
4 5 7 9 11 24 25 32 33 38 89
4 5 7 9 11 24 25 32 33 38 41 89
4 5 7 9 11 24 25 32 33 38 39 41 89
4 5 7 9 11 24 25 32 33 38 39 41 76 89
4 5 7 9 11 24 25 26 32 33 38 39 41 76 89
3 9 16 31 46
3 9 16 31 46 48
3 9 15 16 31 46 48
3 9 12 15 16 31 46 48
3 9 12 15 16 31 46 48 50
3 9 12 15 16 24 31 46 48 50
3 6 9 15 16 19 31 37 46 48 50
3 9 12 15 16 19 24 31 37 46 48 50
3 6 9 12 15 16 19 24 31 37 46 48 50
3 6 9 12 15 16 19 24 31 37 46 48 50 58
3 4 6 9 12 15 16 19 31 35 37 45 46 48 50
0 3 7 9 17
0 3 7 9 10 17
0 3 7 9 10 15 17
0 3 7 9 10 15 17 37
0 3 7 9 10 14 15 17 37
0 3 4 7 9 10 14 15 17 37
0 3 4 7 9 10 13 14 15 17 37
0 3 4 7 9 10 13 14 15 17 28 37
0 3 4 7 9 10 13 14 15 16 17 28 37
0 2 3 4 7 9 10 13 14 15 16 17 28 37
0 2 3 4 7 8 9 10 13 14 15 16 17 37 40
1 7 19 28 75
1 4 7 19 28 75
1 4 7 19 28 44 75
1 4 7 19 28 40 44 75
1 4 7 19 28 40 44 75 129
1 4 7 19 23 28 40 44 75 129
1 4 7 19 23 28 40 41 44 75 129
1 4 7 16 19 23 28 40 41 44 75 129
1 4 7 16 19 23 28 40 41 44 75 129 145
1 4 7 16 19 23 28 40 41 44 75 129 135 145
1 4 7 16 19 23 28 40 41 44 75 123 129 135 145
0 1 2 5 13
0 1 2 5 13 74
0 1 2 3 5 13 26
0 1 2 5 9 13 26 74
0 1 2 3 5 13 15 26 40
0 1 2 3 5 9 13 15 40 74
0 1 2 3 5 9 13 15 26 40 74
0 1 2 3 5 9 13 15 21 26 40 74
0 1 2 3 5 9 13 15 26 40 64 74 78
0 1 2 3 5 9 13 15 20 26 40 64 74 78
0 1 2 3 5 9 13 15 20 21 26 40 64 74 78
1 17 23 38 47
1 2 17 23 38 47
1 2 17 23 38 47 93
1 2 17 23 38 47 55 92
1 2 17 23 38 47 63 87 93
1 2 17 23 38 47 55 63 92 98
1 2 17 23 25 38 47 55 63 92 98
1 2 10 17 23 38 47 55 63 74 92 98
1 2 17 23 38 47 53 55 63 92 93 98 102
1 2 10 17 23 25 38 47 55 63 92 98 102 108
1 2 17 23 33 38 47 55 63 74 87 93 98 102 272
0 3 6 11 15
0 3 6 11 15 21
0 1 3 6 11 15 21
0 1 3 6 11 15 19 21
0 1 3 6 11 13 15 19 21
0 1 3 6 11 13 14 15 19 21
0 1 3 6 11 13 14 15 19 21 31
0 1 3 6 11 13 14 15 19 21 31 33
0 1 3 6 11 13 14 15 19 21 31 33 51
0 1 3 6 11 13 14 15 19 20 21 31 33 51
0 1 3 6 11 13 14 15 19 21 31 33 35 49 51
2 6 7 19 22
2 6 7 16 19 22
2 3 6 7 16 19 22
2 3 6 7 16 19 22 23
1 2 3 6 7 16 19 22 23
1 2 3 6 7 9 16 19 22 23
1 2 3 6 7 9 16 19 22 23 33
0 1 2 3 6 7 9 16 19 22 23 33
0 1 2 3 6 7 9 16 19 22 23 33 34
0 1 2 3 6 7 9 16 18 19 21 22 23 33
0 1 2 3 4 6 7 9 16 18 19 21 22 23 33
0 6 11 35 176
0 6 11 14 35 176
0 5 6 11 14 35 176
0 5 6 11 14 26 35 176
0 5 6 11 14 26 35 176 192
0 5 6 9 11 14 26 35 176 192
0 5 6 9 11 14 26 35 45 101 176
0 5 6 9 11 14 26 35 45 101 176 192
0 5 6 9 11 14 26 35 45 71 78 101 176
0 5 6 9 11 14 26 35 45 71 78 94 101 176
0 5 6 9 11 15 26 35 45 71 78 85 94 142 176
1 21 27 49 190
1 19 21 27 49 190
1 19 21 27 30 49 190
1 2 19 21 27 30 49 190
1 2 19 21 27 30 41 49 190
1 2 19 21 25 27 30 41 49 190
1 2 17 19 21 25 27 30 41 49 190
1 2 17 19 21 25 27 30 41 49 154 190
1 2 17 19 21 25 27 30 41 49 58 90 190
2 17 19 21 25 27 30 41 49 58 90 113 154 190
1 2 17 19 21 25 27 30 41 49 58 90 95 154 190
1 22 29 51 209
1 19 22 29 51 209
19 22 29 32 51 128 209
1 2 19 22 29 32 51 209
1 2 19 22 29 32 51 128 209
1 2 19 22 29 32 43 51 128 209
1 2 19 22 27 29 32 43 51 128 209
1 2 10 19 22 27 29 32 43 51 128 209
1 2 10 19 22 27 29 32 43 51 60 128 209
1 10 19 22 27 29 32 43 51 60 92 128 161 209
1 2 10 19 22 27 29 32 43 51 60 92 128 161 209
8 23 49 52 338
8 23 49 52 68 338
8 23 26 49 52 68 338
8 14 23 26 49 52 68 338
8 14 16 23 26 49 52 68 338
8 14 16 23 26 49 52 68 91 338
1 14 16 21 23 49 52 91 149 254 338
0 1 8 14 16 23 26 49 52 68 91 338
8 16 21 23 49 52 62 68 91 115 123 254 338
0 1 14 16 23 26 49 52 89 91 123 338 399 444
8 14 16 21 23 49 52 59 68 91 102 149 254 261 338
3 5 11 15 36
0 3 5 11 15 36
0 3 4 11 15 36 99
0 3 4 11 15 36 99 174
0 3 4 11 15 26 36 99 174
0 3 5 11 15 26 36 99 145 174
0 3 4 5 9 11 36 99 104 128 174
0 3 4 5 9 11 15 26 36 99 104 174
0 3 4 5 9 11 15 26 36 46 99 104 174
0 3 4 5 9 11 15 26 36 46 72 99 104 174
0 3 4 5 9 11 15 26 36 46 72 79 99 104 174
0 4 9 31 156
0 4 9 12 31 156
0 3 4 9 12 31 156
0 3 4 9 12 23 31 156
0 3 4 7 9 12 23 31 156
0 3 4 7 9 12 23 31 40 156
0 3 4 7 9 12 23 31 40 95 156
0 3 4 7 9 12 23 31 40 72 95 156
0 3 4 7 9 12 23 31 40 65 72 95 156
0 3 4 7 9 12 13 23 31 40 65 72 95 156
0 3 4 7 9 12 13 23 31 37 40 65 72 95 156
34 73 82 96 423
2 34 73 82 96 423
0 2 18 34 73 82 96
0 2 18 34 38 73 82 96
0 2 18 34 38 73 82 96 423
0 2 9 18 34 38 73 82 96 423
0 2 9 10 18 34 38 73 82 96 423
0 2 9 18 30 34 38 73 82 95 96 423
0 2 9 10 18 30 34 38 73 82 96 158 423
0 2 9 10 18 30 34 38 73 82 95 96 149 423
0 2 9 10 30 34 73 82 96 149 158 272 279 361 423
0 6 11 33 168
0 6 11 14 33 168
0 5 11 14 25 33 168
0 5 6 11 14 25 33 168
0 3 5 6 11 14 25 33 168
0 3 5 6 9 11 14 25 33 168
0 3 5 6 9 11 14 25 33 93 168
0 3 5 6 9 11 14 25 33 42 93 168
0 3 5 6 9 11 14 25 33 42 74 93 168
0 3 5 6 9 11 14 25 33 42 67 74 93 168
0 3 5 6 9 11 14 15 25 33 42 67 74 93 168
3 4 9 31 90
3 4 9 12 31 90
0 3 4 9 12 31 90
0 3 9 12 23 31 90 154
0 3 4 9 12 23 31 90 154
0 3 4 7 9 12 23 31 90 154
0 3 4 7 9 12 23 31 90 94 154
0 3 4 7 9 12 23 31 41 90 94 154
0 3 4 7 9 12 23 31 41 66 90 94 154
0 3 4 7 9 12 23 31 41 66 73 90 94 154
0 3 4 7 9 12 23 31 41 66 73 90 94 103 154
4 9 31 95 168
3 4 9 31 95 168
3 4 9 12 31 95 168
3 4 9 12 23 31 95 168
0 3 4 9 12 23 31 95 168
0 3 4 9 12 23 31 95 168 193
0 3 4 9 12 23 31 66 95 168 193
0 3 4 7 9 12 23 31 40 95 168 193
0 3 4 7 9 12 23 31 40 66 95 168 193
0 3 4 7 9 12 23 31 40 66 73 95 168 193
0 3 4 7 9 12 23 31 40 53 66 73 95 168 193
2 18 23 45 188
2 18 23 26 45 188
2 15 18 23 26 45 188
2 15 18 23 26 37 45 188
2 15 18 21 23 26 37 45 188
2 15 18 21 23 26 37 45 54 188
2 11 15 18 21 23 26 37 45 106 188
2 11 15 18 21 23 26 37 45 86 106 188
2 11 15 18 21 23 26 37 45 54 86 106 188
2 11 15 18 21 23 26 37 45 54 86 106 188 230
2 11 15 18 21 23 26 27 37 45 54 79 86 106 188
3 4 9 31 88
3 4 9 12 31 88
0 3 4 9 12 31 88
0 3 4 9 12 31 88 164
0 3 9 12 23 31 88 101 164
0 3 4 9 12 23 31 88 101 164
0 3 4 9 12 23 31 65 88 101 164
0 3 4 9 12 23 31 65 88 94 101 164
0 3 4 9 12 23 31 40 65 88 94 101 164
0 3 4 7 9 12 23 31 40 65 88 94 101 164
0 3 4 7 9 23 31 40 65 72 88 94 101 138 164
8 14 41 56 243
7 8 14 41 56 243
7 14 17 31 41 56 243
7 14 17 31 41 43 56 243
1 7 8 14 17 41 56 77 243
1 7 8 14 17 31 41 56 77 243
1 7 8 14 17 31 41 56 77 166 243
1 7 8 12 14 17 31 41 56 77 122 243
1 7 8 14 17 31 41 56 77 118 122 243 272
1 7 8 14 17 31 41 43 56 77 118 122 166 243
1 5 7 8 14 17 31 41 49 56 77 118 122 243 272
2 11 14 26 178
2 6 11 14 36 178
2 5 6 11 14 36 178
2 5 6 11 14 26 36 178
0 2 5 6 11 14 26 36 178
0 2 5 6 9 11 14 26 36 178
0 2 3 5 6 11 14 26 36 178 193
0 2 3 5 6 9 11 14 26 36 45 178
0 2 3 5 6 11 14 15 26 36 70 178 193
0 2 3 5 6 9 11 14 26 36 45 99 178 193
0 2 3 5 6 9 11 14 26 36 45 70 99 178 193
3 5 12 27 47
0 3 12 36 47 199
0 3 12 27 36 47 199
0 3 5 6 12 36 47 101
0 3 5 12 27 36 47 101 199
0 3 5 12 15 27 36 47 101 199
0 3 5 12 15 27 47 74 101 119 199
0 3 5 6 10 12 15 27 36 47 101 199
0 3 5 6 10 12 27 36 47 101 140 163 199
0 3 5 6 10 12 27 36 47 81 101 140 163 199
0 3 5 6 10 12 15 27 36 46 47 74 101 119 199
2 4 11 35 67
2 4 11 14 35 67
0 2 11 14 35 67 168
0 2 4 11 14 35 67 168
0 2 4 11 14 27 35 67 168
0 2 4 9 11 14 27 35 67 168
0 2 4 5 11 14 27 35 67 121 168
0 2 4 5 11 14 27 35 67 121 138 168
0 2 4 5 9 11 14 27 35 67 121 138 168
0 2 4 5 9 11 14 27 35 45 59 67 101 168
0 2 4 5 9 11 14 27 35 45 59 67 80 101 168
0 4 9 32 162
0 4 9 12 32 162
0 3 4 9 12 32 162
0 3 4 9 12 24 32 162
0 3 4 7 9 12 24 32 162
0 3 4 7 9 12 24 32 134 162
0 3 4 7 9 12 24 32 42 95 162
0 3 4 7 9 12 24 32 42 67 95 162
0 3 4 7 9 12 24 32 42 67 75 95 162
0 3 4 7 9 12 13 24 32 42 67 75 95 162
0 3 4 7 9 12 13 24 32 42 67 75 80 134 162
1 2 19 25 30
1 2 19 23 25 30
1 2 19 23 25 30 36
1 2 18 19 23 25 30 36
1 2 5 18 19 23 25 30 75
2 18 19 23 25 30 33 36 61 75
1 2 5 18 19 23 25 30 36 61 76
1 2 18 19 23 25 27 30 33 36 61 75
1 2 5 18 19 23 25 27 30 33 36 61 76
2 5 18 19 21 23 25 27 30 32 36 58 61 76
1 2 5 19 21 23 25 27 30 32 33 36 61 75 76
1 18 26 31 67
1 18 26 31 37 67
1 10 18 26 31 37 67
1 10 18 24 26 31 37 67
1 2 10 18 24 26 31 37 67
1 2 10 18 24 26 31 37 67 81
1 2 5 10 18 24 26 31 37 67 81
1 2 10 18 24 26 31 34 37 61 67 81
1 2 5 10 18 24 26 31 37 61 67 81 82
1 2 5 10 17 18 24 26 28 31 37 67 81 136
2 10 18 22 24 26 28 31 34 37 59 61 67 81 82
14 21 31 33 56
1 14 21 31 33 56
1 14 21 31 33 56 103
1 9 14 21 31 33 44 56
9 14 19 21 31 33 44 56 185
1 9 14 21 31 33 40 44 56 185
9 14 19 21 31 33 40 44 56 103 185
1 9 14 19 21 31 33 40 44 56 185 327
1 4 9 14 19 21 31 33 40 44 56 103 185
9 14 19 21 31 33 40 44 56 103 124 142 185 327
4 9 14 19 20 21 31 33 40 44 56 81 103 185 376
5 6 12 22 58
0 5 6 12 22 58
0 5 6 12 22 58 62
0 5 6 12 22 58 117 130
0 5 6 10 12 22 58 62 117
0 5 6 10 12 22 58 62 91 117
0 5 6 10 12 22 58 62 91 117 130
0 5 6 10 12 22 29 42 58 62 91 117
0 5 6 10 12 22 29 42 58 62 91 117 130
0 5 6 10 12 16 22 29 42 53 58 62 91 117
0 5 6 10 12 16 22 29 42 53 58 62 79 91 117
0 4 8 13 92
0 2 4 8 13 92
0 4 6 8 13 19 45
0 2 4 6 8 13 29 45
0 2 4 6 8 13 19 29 45
0 2 4 6 8 13 19 29 45 57
0 2 4 6 8 10 13 19 40 45 57
0 2 4 6 8 10 13 19 29 40 45 57
0 2 4 6 8 10 13 15 19 29 40 45 57
0 2 4 6 8 10 13 15 19 29 40 45 57 105
0 2 4 6 8 10 13 15 16 19 29 40 45 57 105
18 34 62 69 81
2 34 62 69 81 371
2 18 34 62 69 81 371
0 2 8 9 18 34 62 69
0 2 18 34 36 62 69 81 371
0 2 9 18 34 36 62 69 81 371
0 2 9 18 34 36 62 69 80 81 371
0 2 9 10 18 30 34 36 62 69 81 371
0 2 9 10 20 30 34 62 69 81 128 224 371
0 2 9 10 18 30 34 36 62 69 81 107 128 371
0 9 10 16 18 30 34 62 69 80 81 107 128 224 371
0 4 6 10 15
0 4 6 10 15 99
0 4 6 8 10 15 42
0 4 6 8 10 15 21 43
0 4 6 8 10 12 15 21 42
0 4 6 8 10 12 15 21 43 56
0 4 6 8 10 12 15 21 42 43 56
0 4 6 8 10 12 15 21 31 42 43 56
0 2 4 6 8 10 12 15 21 31 42 43 56
0 2 4 6 8 10 12 15 17 21 31 42 43 56
0 2 4 6 8 10 12 15 17 21 31 42 43 56 227
0 4 8 13 42
0 4 8 13 42 43
0 4 8 13 17 42 43
0 2 4 6 8 13 42 43
0 4 6 8 13 20 30 42 43
0 2 4 6 8 13 20 42 43 54
0 2 4 6 8 13 20 30 42 43 54
0 2 4 6 8 10 13 20 42 43 54 88
0 2 4 6 8 10 13 20 30 42 43 46 54
0 2 4 6 8 10 13 17 20 42 43 46 54 88
0 2 4 6 8 10 13 17 20 30 41 42 43 54 56
0 4 8 14 48
0 4 6 8 14 48
0 2 4 8 14 31 48
0 2 4 6 8 14 48 123
0 2 4 6 8 14 48 67 123
0 2 4 6 8 14 17 48 67 123
0 2 4 6 8 14 20 31 48 67 123
0 2 4 6 8 14 16 20 31 48 67 123
0 2 4 6 8 14 16 20 31 48 49 67 123
0 2 4 6 8 14 16 20 31 48 49 67 123 233
0 2 4 6 8 14 16 17 20 31 48 49 67 123 233
2 14 20 25 125
2 14 18 20 25 53
2 5 14 18 20 25 54
2 14 18 20 22 25 31 54
2 5 14 18 20 25 31 54 77
2 5 14 18 20 25 31 41 54 77
2 5 14 18 20 25 31 41 53 54 77
2 5 14 18 20 22 25 31 41 53 54 77
2 5 14 18 20 22 25 27 31 41 53 54 77
2 5 14 18 20 22 25 27 28 31 41 53 54 77
2 5 11 14 18 20 22 25 27 28 31 41 53 54 77
0 4 8 14 43
0 4 8 14 43 49
0 4 8 14 20 43 49
0 4 6 8 14 20 43 49
0 2 4 8 14 31 43 46 49
0 2 4 8 14 20 31 43 46 49
0 2 4 6 8 14 20 31 43 46 49
0 2 4 6 8 14 20 31 43 46 49 64
0 2 4 6 8 11 14 20 31 43 46 49 64
0 2 4 6 8 11 14 20 31 42 43 46 49 64
0 2 4 6 8 11 14 20 31 42 43 46 49 64 66
9 14 25 36 46
9 14 25 36 46 115
1 9 14 25 36 46 115
1 9 12 14 25 36 46 115
1 9 14 25 34 36 46 79 115
1 9 12 14 25 34 36 46 79 115
1 6 9 12 14 25 34 36 46 79 115
1 6 9 12 14 25 34 36 46 79 115 209
1 6 9 12 14 25 27 34 36 46 79 115 141
1 6 9 12 14 25 31 34 36 46 79 115 141 209
1 6 9 12 14 25 27 34 36 46 75 79 115 141 209
3 4 6 10 20
3 4 6 10 20 54
3 4 6 8 10 20 54
3 4 6 10 16 20 26 131
0 3 4 6 8 10 20 26 59
0 3 4 6 8 10 16 20 26 59
0 3 4 6 8 10 16 20 26 59 131
0 3 4 6 8 10 16 20 26 54 59 79
0 3 4 6 8 10 16 20 26 56 76 113 131
0 2 3 4 6 8 10 16 20 26 39 54 59 79
0 2 3 4 6 8 10 16 20 22 26 39 54 59 79
5 6 11 29 39
5 6 11 29 39 78
0 5 6 11 29 39 78
0 5 6 11 29 38 39 78
0 5 6 11 29 38 39 78 96
0 5 6 11 29 38 39 57 78 96
0 5 6 11 29 38 39 57 78 86 96
0 5 6 11 29 38 39 57 78 86 96 132
0 5 6 7 11 29 38 39 57 78 86 96 131
0 5 6 11 19 29 38 39 57 78 86 91 96 131
0 5 6 11 19 29 38 39 57 67 78 86 91 96 132
3 5 11 21 37
0 3 5 11 21 37
0 3 5 11 21 37 66
0 3 5 11 17 21 37 116
0 3 5 6 11 21 37 57 66
0 3 5 9 11 17 21 37 57 66
0 3 5 6 9 11 21 29 37 57 66
0 3 5 6 9 11 17 21 37 57 64 66
0 3 5 6 9 11 17 21 37 54 57 64 66
0 3 5 6 9 11 15 21 29 37 54 57 64 66
0 3 5 6 9 11 15 21 29 34 37 54 57 64 66
0 4 8 15 102
0 4 8 15 21 102
0 2 4 6 8 15 50
0 2 4 6 8 15 31 50
0 2 4 6 8 15 21 50 67
0 2 4 6 8 15 21 39 50 67
0 2 4 6 8 15 21 31 49 50 67
0 2 4 6 8 15 21 31 39 49 50 67
0 2 4 6 8 12 15 21 31 39 49 50 67
0 2 4 6 8 12 15 17 21 31 39 49 50 67
0 2 4 6 8 12 15 17 18 21 31 39 49 50 67
3 9 17 23 41
3 9 17 23 28 41
1 3 9 17 23 28 41
1 3 9 17 23 27 28 41
1 3 9 17 21 23 27 28 41
1 3 9 17 21 23 25 27 28 41
1 3 9 17 21 23 25 27 28 41 98
1 3 9 17 21 23 25 27 28 41 92 98
1 3 9 17 21 22 23 25 27 28 41 92 98
1 3 9 17 21 22 23 25 27 28 41 69 98 150
1 3 9 17 21 22 23 25 27 28 41 69 92 98 150
2 13 34 48 60
2 13 34 38 48 60
2 13 34 38 48 60 67
2 13 34 38 48 60 67 166
2 13 34 38 48 60 67 85 166
2 13 34 38 48 60 67 85 166 332
2 13 34 38 48 60 67 85 156 166 332
2 13 34 38 46 48 60 67 72 85 166 332
2 13 34 38 46 48 60 67 72 85 156 166 332
2 13 34 38 48 60 67 72 85 121 166 262 289 332
2 13 34 38 46 48 60 67 85 109 121 156 166 289 332
1 15 19 40 87
15 19 33 40 69 87
15 19 33 40 69 87 91
1 15 19 33 40 69 87 103
1 15 19 33 40 69 87 91 103
1 15 19 33 39 40 69 87 91 103
1 15 19 33 39 40 69 87 91 103 125
1 15 19 33 39 40 57 69 87 91 103 125
1 15 19 33 39 40 57 69 87 91 103 107 125
1 11 15 19 33 39 40 57 69 87 91 103 107 125
1 11 15 18 19 33 39 40 57 69 87 91 103 107 125
1 15 19 34 54
1 15 19 21 34 54
1 15 19 21 34 54 59
1 15 17 19 21 34 54 59
1 15 17 19 21 34 42 54 59
1 15 17 19 21 34 42 54 59 71
1 11 15 17 19 21 34 43 54 59 71
1 11 15 17 19 21 34 42 54 56 59 71
0 1 11 15 17 19 21 34 42 54 56 59 71
0 1 11 15 17 19 21 34 35 42 54 56 59 71
0 1 11 15 17 19 21 34 35 42 43 54 56 59 71
3 71 84 85 345
3 34 71 84 85 345
3 34 47 71 84 85 345
3 16 34 47 71 84 85 345
0 3 16 34 47 71 84 85 345
0 3 16 17 47 63 71 84 85 345
0 3 16 17 47 63 71 84 85 216 345
0 3 16 17 47 63 71 84 85 107 216 345
0 3 16 17 47 63 71 84 85 107 114 216 345
0 3 14 16 17 47 63 71 84 85 107 114 216 345
0 3 16 17 34 63 71 84 85 114 167 170 216 304 345
1 9 17 18 21
9 17 18 21 24 36
1 9 17 18 21 24 36
1 9 17 18 20 21 24 36
1 9 17 18 20 21 24 31 36
1 9 17 18 20 21 24 26 31 36
1 9 17 18 20 21 24 26 31 36 60
1 9 17 18 20 21 24 26 31 36 51 89
1 9 17 18 20 21 23 24 26 36 51 60 89
1 9 17 18 20 21 24 26 31 36 37 51 60 89
0 1 9 17 18 20 21 24 26 31 36 37 51 60 89
15 20 23 31 48
1 15 20 23 31 48
1 15 20 23 31 34 48
1 15 17 20 23 31 34 48
1 11 15 17 20 23 31 34 48
1 15 17 20 22 23 31 34 39 48
1 15 17 20 22 23 31 34 39 48 56
1 11 15 17 20 22 23 31 34 48 54 60
1 15 17 20 22 23 31 34 39 48 54 56 60
0 1 15 17 20 22 23 24 31 34 39 48 54 60
1 11 15 17 20 22 23 24 31 34 39 48 54 56 60
15 24 27 33 47
1 15 24 27 33 47
1 15 24 27 33 47 148
1 15 24 27 31 33 47 148
1 15 24 26 27 31 33 47 85
1 15 24 26 27 31 33 47 85 148
15 17 24 26 27 31 33 47 77 85 148
15 17 24 26 27 31 33 47 60 77 85 148
15 17 24 26 27 31 33 47 60 77 85 87 148
1 15 17 24 26 27 31 33 47 60 77 85 87 148
1 15 17 22 24 26 27 31 33 47 60 84 87 135 148
4 19 24 44 52
2 4 19 24 44 52
2 4 19 24 44 52 71
2 4 19 24 26 44 52 71
2 4 7 19 24 26 44 52 71
2 4 7 19 22 24 26 44 52 71
2 4 7 19 22 24 26 44 52 70 71
2 4 7 19 22 24 26 44 52 60 70 71
2 4 7 19 22 24 26 28 44 52 60 70 71
2 4 7 19 22 24 26 28 36 44 52 60 71 75
2 4 7 19 22 24 26 28 44 52 60 70 71 74 75
1 15 18 25 58
1 15 18 25 29 58
1 15 18 25 29 42 58
1 15 18 22 25 29 42 58
1 15 18 22 25 29 42 45 58
1 15 17 18 22 25 29 42 45 58
1 15 17 18 22 25 29 32 42 45 58
1 15 17 18 22 25 29 32 42 45 48 58
1 15 17 18 22 25 29 32 42 45 48 58 97
1 11 15 17 18 22 25 29 32 42 45 48 58 97
1 15 17 18 21 22 25 29 32 42 45 56 58 80 97
3 24 36 45 98
3 11 24 36 45 98
3 11 24 36 45 98 123
3 11 24 36 45 60 98 123
2 3 11 24 36 45 64 98 123
2 3 11 24 36 45 64 98 123 170
2 3 11 24 36 45 60 64 98 123 170
2 3 11 24 36 45 60 61 64 98 123 170
2 3 11 24 36 40 45 60 61 64 98 123 170
2 3 11 24 33 36 40 45 60 61 64 98 123 170
2 3 11 24 33 36 40 45 48 60 61 64 98 123 170
1 7 18 23 31
1 7 9 18 23 31
1 7 9 18 21 23 31
1 7 9 18 21 23 31 68
1 7 9 18 21 23 27 31 68
1 7 9 17 18 21 23 31 68 103
1 7 9 17 18 21 23 31 33 46 103
1 7 9 17 18 21 23 27 31 33 40 46
7 9 17 18 21 23 27 31 33 44 66 68 103
1 7 9 17 18 21 23 27 31 33 40 44 68 103
1 7 9 18 20 21 23 27 31 33 40 66 68 103 116
15 16 34 40 68
1 15 34 40 68 117
1 15 34 40 56 68 117
1 15 19 34 40 56 68 117
1 15 16 34 40 56 68 84 117
1 15 16 19 34 40 56 68 84 117
1 15 16 19 34 40 56 68 84 117 122
1 15 16 19 34 40 56 60 68 74 84 117
1 15 16 19 34 40 56 60 68 74 84 117 122
1 15 16 19 34 40 56 60 68 74 84 117 119 141
1 15 16 18 19 34 40 52 56 68 84 98 117 119 141
1 7 21 24 33
1 7 21 24 33 46
1 7 21 24 29 33 46
7 18 21 24 33 35 46 54
1 7 18 21 24 29 33 46 54
1 7 18 21 24 29 33 35 46 54
1 7 16 18 21 24 29 33 35 46 54
1 7 16 18 21 24 29 32 33 35 46 54
1 7 18 21 24 29 31 32 33 35 44 46 54
1 7 18 19 21 24 29 31 32 33 35 44 46 54
1 7 16 18 21 24 29 31 32 33 35 44 46 54 77
15 20 24 29 45
1 15 20 24 29 45
1 15 20 24 29 45 63
1 15 20 24 29 41 45 63
1 15 20 24 29 31 41 45 63
1 15 17 20 24 29 31 41 45 63
1 15 17 20 24 29 31 41 45 63 71
1 15 20 24 25 29 31 41 45 46 63 71
1 11 15 17 20 24 25 29 31 41 45 63 71
1 11 15 17 20 24 25 29 31 41 45 46 63 71
1 11 15 17 20 24 25 29 31 41 45 46 63 69 71
2 15 36 50 62
2 13 15 36 50 62
2 13 15 36 40 50 62
2 13 15 36 50 62 86 167
13 15 36 40 50 62 69 86 167
2 13 15 36 40 50 62 69 86 167
2 13 15 36 40 50 62 69 86 167 356
2 13 15 36 40 50 62 69 86 157 167 356
2 5 13 15 36 40 48 50 62 69 86 167 356
2 5 13 15 36 40 48 50 62 69 86 157 167 356
1 2 5 13 15 36 40 48 50 62 69 86 157 167 356
1 8 21 40 108
1 8 21 40 76 108
1 8 15 21 40 76 108
1 8 15 21 40 76 108 142
1 3 8 21 40 55 76 108 142
1 3 8 21 40 55 76 108 142 146
1 3 8 21 40 55 76 108 114 142 146
1 3 8 21 39 40 55 76 108 114 142 146
1 3 8 20 21 39 40 55 76 108 114 142 146
1 3 8 15 21 39 40 55 65 76 108 114 142 146
1 3 8 15 21 39 40 55 65 75 76 108 114 142 146
1 3 8 15 41
1 3 8 15 30 41
1 3 8 15 19 30 41
1 3 8 15 19 28 30 41
1 3 8 15 19 28 30 41 89
1 3 8 15 19 28 30 41 77 89
1 3 8 15 19 28 30 41 68 77 89
1 3 8 15 19 20 28 30 41 68 77 89
1 3 8 15 19 20 28 30 41 68 77 89 154
1 3 8 15 19 20 28 30 41 45 68 77 89 154
1 3 8 15 19 28 30 41 43 45 55 68 77 89 154
3 70 83 84 360
3 33 70 83 84 360
3 15 33 70 83 84 360
3 15 33 46 70 83 84 360
0 3 15 16 62 70 83 84 360
0 3 15 16 46 62 70 83 84 360
0 3 15 16 33 46 70 83 84 218 360
0 3 15 16 33 46 70 83 84 106 218 360
0 3 15 16 46 62 70 83 84 96 106 360 419
0 3 15 16 46 62 70 83 84 96 106 218 360 419
0 3 15 16 33 46 70 83 84 96 106 167 270 360 584
1 9 17 22 28
1 9 17 22 28 41
1 3 9 17 22 28 41
1 3 9 16 17 22 28 41
1 3 9 16 17 22 27 28 41
1 3 9 16 17 21 22 27 28 41
1 3 9 16 17 21 22 27 28 36 41
1 3 9 16 17 21 22 27 28 36 40 41
1 3 9 16 17 21 22 27 28 36 41 42 107
1 3 9 16 17 21 22 27 28 36 41 42 82 107
1 3 9 16 17 18 21 22 27 28 36 40 41 70 107
1 3 8 15 24
1 3 8 24 28 39
1 3 8 24 28 39 75
1 3 8 15 24 28 39 75
1 3 8 15 22 24 28 39 75
1 3 8 15 22 24 26 28 39 75
1 3 8 15 22 24 26 28 39 41 75
1 3 8 15 19 22 24 26 28 39 41 75
1 3 8 15 19 22 24 26 27 28 39 41 75
1 3 8 15 19 21 22 24 26 28 39 41 75 97
1 3 8 15 19 21 22 24 26 27 28 39 41 75 163
8 15 26 33 54
8 15 26 33 41 54
1 3 8 26 33 41 54
3 8 15 26 33 41 54 112
3 8 15 26 33 41 54 112 124
3 8 15 26 28 33 41 54 112 124
3 8 15 26 28 31 33 41 54 112 124
3 8 15 26 28 31 33 39 41 54 112 124
3 8 15 19 26 28 31 33 41 54 112 124 192
3 8 15 19 26 28 31 33 41 54 112 115 124 192
1 3 8 15 26 28 31 33 41 54 112 124 126 192 205
2 4 11 28 47
2 4 11 28 47 94
2 4 11 18 28 47 94
2 4 11 18 28 47 60 94
2 4 11 18 22 28 47 60 94
2 4 7 11 18 22 28 47 60 94
2 4 7 11 18 22 27 28 47 60 94
2 4 7 11 18 22 27 28 47 60 72 94
2 4 7 11 18 22 27 28 47 60 72 94 104
2 4 7 11 18 22 27 28 38 47 60 72 78 94
2 4 7 11 18 22 27 28 38 47 60 72 91 94 222
1 8 15 20 25
1 8 15 20 25 29
1 8 15 20 25 29 79
1 3 8 15 20 25 29 79
1 3 8 15 20 25 29 49 79
1 3 8 15 20 25 29 35 49 79
1 3 8 15 20 25 29 35 49 51 79
1 3 8 15 20 25 29 32 35 49 51 79
1 3 8 15 20 25 29 35 49 51 58 79 154
1 3 8 15 19 20 25 29 32 35 49 51 79 154
1 3 8 15 19 20 25 29 32 34 35 49 51 79 154
3 26 38 47 104
3 11 26 38 47 104
3 11 12 26 38 47 104
3 11 12 26 38 47 104 130
3 11 12 26 38 47 60 104 130
2 3 11 12 26 38 47 64 104 130
2 3 11 12 26 38 47 60 64 104 130
2 3 11 12 26 38 47 60 64 78 104 130
2 3 11 12 26 38 42 47 60 64 78 104 130
2 3 11 12 26 38 42 47 60 61 64 78 104 130
2 3 11 12 26 38 42 47 60 61 64 78 104 130 199
1 7 17 24 32
1 7 17 24 32 59
1 7 9 17 24 32 59
1 7 9 17 22 24 32 59
1 7 9 17 22 24 32 46 59
1 7 9 17 22 24 28 32 59 76
1 7 9 17 22 24 28 32 59 76 120
1 3 7 9 17 22 24 28 32 59 76 120
1 3 7 9 17 22 24 28 32 41 59 76 136
1 3 7 9 17 21 22 24 28 32 41 59 76 136
1 3 7 9 17 22 24 28 32 52 59 76 120 136 142
8 16 17 37 69
1 8 16 37 43 69
1 8 16 37 43 69 126
1 8 16 37 43 69 97 126
1 8 16 37 43 69 85 97 126
1 8 16 37 43 59 69 85 97 126
1 3 8 16 37 43 59 69 85 97 126
1 3 8 16 17 37 43 59 69 85 126 129
1 3 8 16 17 22 37 43 59 69 85 126 129
1 3 8 16 22 37 43 59 69 75 85 97 126 129
1 3 8 16 22 37 43 59 69 75 85 97 118 126 129
1 7 23 26 31
1 7 23 26 35 52
1 7 23 26 31 35 52
1 7 19 23 26 31 35 52
1 7 19 23 26 31 35 52 61
1 7 9 19 23 26 31 35 52 61
1 7 9 19 21 23 26 31 35 48 52
1 7 9 19 21 23 26 31 35 48 52 61
1 7 9 19 21 23 26 31 33 35 48 52 61
1 7 9 19 21 23 26 31 33 34 35 48 52 61
1 7 9 16 19 21 23 26 31 33 34 35 48 52 61
1 8 26 34 51
1 3 8 26 34 51
1 3 8 15 26 34 51
1 3 8 15 26 34 46 51
1 3 8 15 22 26 34 46 51
1 3 8 15 22 26 34 46 51 106
1 3 8 15 19 22 26 34 46 51 106
1 3 8 15 19 22 26 33 34 46 51 106
1 3 8 15 19 22 26 33 34 46 51 106 110
1 3 8 15 19 22 26 33 34 46 51 86 106 110
1 3 8 15 19 22 26 27 33 34 46 51 86 106 110
7 31 61 83 246
7 31 49 61 83 246
1 7 31 49 61 83 246
1 7 31 49 61 83 180 246
1 7 31 49 61 83 92 180 246
1 7 31 37 49 61 83 92 180 246
1 7 31 37 49 61 83 92 180 246 279
1 7 15 31 49 61 83 92 180 246 279 337
1 7 15 31 37 49 61 83 92 180 246 279 337
1 7 15 31 37 49 61 68 83 92 180 246 279 337
1 7 10 15 31 37 49 61 83 92 180 246 279 295 337
1 7 22 36 48
1 7 22 26 36 48
1 7 22 26 36 48 55
1 7 22 26 36 48 55 152
1 7 22 26 36 48 55 74 152
1 7 22 26 36 48 55 74 142 152
1 7 22 36 48 55 74 113 152 267 311
1 7 22 26 34 36 48 55 74 142 152 311
1 7 22 26 34 36 48 55 74 100 142 152 311
1 7 22 26 34 36 48 55 74 100 142 152 267 311
1 7 22 26 36 48 55 74 100 113 142 152 239 267 311
29 69 83 114 466
13 69 83 84 114 466
3 13 29 69 84 114 466
13 61 69 83 84 114 466 509
29 43 69 83 84 87 128 177 466
13 15 29 43 69 83 84 87 114 466
0 3 13 29 69 84 114 177 379 466 509
0 3 13 15 29 43 69 84 87 114 128 466
0 15 29 43 69 83 84 87 114 127 128 177 466
0 3 15 29 69 83 84 101 114 127 177 273 466 586
0 3 14 15 43 61 69 83 84 87 114 127 128 177 466
1 13 17 25 39
7 13 17 25 29 39
7 8 13 17 25 29 39
1 7 8 13 17 25 29 39
1 7 8 13 17 25 29 39 151
1 7 8 13 17 25 29 39 75 141
1 7 8 13 17 25 29 39 75 141 329
1 7 8 13 17 25 29 39 59 75 141 151
1 7 8 13 17 25 29 39 59 75 141 151 329
1 7 8 13 17 25 29 39 59 75 99 141 151 329
1 7 8 13 17 25 29 39 52 59 75 99 141 151 329
1 7 22 49 68
1 7 22 37 49 68
1 7 22 37 49 68 150
1 7 22 37 49 68 74 150
1 7 22 37 49 56 68 74 150
1 7 22 27 37 49 56 68 74 150
1 7 22 27 37 49 56 68 74 150 161
1 7 22 27 37 49 56 68 74 140 150 161
1 7 22 27 37 49 56 68 74 150 161 247 306
1 7 22 27 37 49 56 68 74 111 150 161 247 306
1 7 22 27 35 37 49 56 68 74 140 150 161 247 306
1 7 23 37 63
1 7 23 37 50 63
1 7 23 27 37 50 63
1 7 23 27 37 50 63 162
1 7 23 27 37 50 57 63 162
1 7 23 27 37 50 57 63 162 323
1 7 23 27 37 50 57 63 108 162 323
1 7 23 27 35 37 50 57 63 108 162 323
1 7 23 27 35 37 50 57 63 108 152 162 323
1 7 23 27 35 37 50 57 63 108 152 162 280 323
1 7 23 27 35 37 50 57 63 108 121 152 162 280 323
3 14 33 47 59
3 14 33 37 47 59
3 14 33 37 47 59 66
3 14 33 37 47 59 66 168
3 14 33 37 47 59 66 82 168
3 6 14 33 37 47 59 66 82 168
3 6 14 33 37 47 59 66 82 168 332
3 6 14 33 37 47 59 66 82 158 168 332
3 6 14 33 37 45 47 59 66 82 158 168 332
2 3 6 14 33 37 45 47 59 66 82 158 168 332
3 6 14 33 45 47 59 66 82 106 119 158 168 290 332
1 7 24 51 69
1 7 24 39 51 69
1 7 24 39 51 69 158
1 7 24 39 51 69 77 158
1 7 24 39 51 58 69 77 158
1 7 24 28 39 51 58 69 77 158
1 7 24 28 39 51 58 69 77 158 222
1 7 24 28 39 51 58 69 77 158 169 222
1 7 24 28 39 51 58 69 77 147 158 169 222
1 7 24 28 39 51 58 69 77 158 169 222 257 316
1 7 24 39 51 58 69 77 117 147 158 169 222 257 316
2 8 21 31 57
2 8 21 31 57 173
2 8 21 31 57 70 173
2 8 21 31 41 57 70 173
2 8 21 31 57 70 104 173 214
2 8 11 21 31 41 57 70 173 214
8 11 21 31 57 70 77 104 149 173 214
2 8 11 21 31 41 57 70 77 104 173 214
2 8 11 21 31 41 57 70 77 104 173 214 387
2 8 11 21 31 57 70 77 104 134 149 173 214 387
2 8 11 21 31 55 57 70 77 104 134 149 173 214 387
13 19 32 35 55
7 13 19 32 35 55
1 8 13 19 32 35 55
1 8 13 19 32 35 43 55
1 8 13 19 32 35 43 55 88
7 8 13 17 19 32 35 43 55 74
1 7 8 17 19 32 35 43 55 79 184
1 8 13 17 19 32 35 43 55 97 184 264
7 8 13 17 19 32 35 43 55 74 79 184 373
7 8 13 17 19 32 35 38 43 55 74 79 184 373
1 7 8 13 17 19 32 35 38 43 55 74 184 264 405
7 38 39 68 111
1 7 38 39 68 111
1 7 38 39 46 68 111
1 7 38 39 46 68 111 232
1 7 11 39 68 81 96 111 232
1 7 11 39 46 68 81 96 111 232
1 7 11 39 46 68 81 89 96 111 232
1 7 11 38 39 46 52 68 96 111 232 248
1 7 11 39 46 52 68 81 89 96 111 142 232
1 7 38 39 46 68 89 96 111 163 176 232 240 248
1 7 11 38 39 46 68 89 96 111 142 217 232 248 341
7 14 18 29 37
7 14 18 29 37 170
7 14 18 29 37 142 170
1 7 14 18 29 37 142 170
1 7 14 18 27 29 50 142 170
1 7 14 18 27 29 37 50 142 170
7 14 18 27 29 34 37 50 69 142 170
7 8 18 27 29 34 50 62 69 87 142 170
7 14 18 27 29 34 37 50 87 142 170 291 335
1 7 8 14 18 27 29 50 87 142 170 274 291 335
1 7 14 18 27 29 34 37 48 50 87 142 163 170 335
1 7 22 37 49
1 7 22 27 37 49
1 7 22 27 37 49 57
1 7 22 27 37 49 57 156
1 7 22 27 37 49 57 75 156
1 7 22 27 37 49 57 75 156 311
1 7 22 27 35 37 49 57 75 156 311
1 7 22 27 37 49 57 75 111 156 242 311
1 7 22 27 37 49 57 75 99 111 156 269 311
1 7 22 35 37 49 57 75 99 111 146 156 269 311
1 7 22 27 37 49 57 75 99 111 146 156 242 269 311
1 19 53 55 72
1 17 19 53 55 72
1 17 19 45 53 55 72
1 17 19 53 55 68 72 86
1 17 19 45 49 53 55 68 72
1 17 19 45 49 53 55 68 72 86
0 1 17 19 46 49 53 55 68 72 86
0 1 17 19 38 46 49 53 55 68 72 86
0 1 17 19 38 45 46 49 53 55 68 72 86
0 1 17 19 38 45 46 49 53 55 59 68 72 86
0 1 17 19 37 38 45 46 49 53 55 59 68 72 86
8 18 57 70 115
8 9 18 57 70 115
0 8 9 18 57 70 115
8 18 30 57 70 115 196 328
0 8 9 30 48 57 70 115 328
0 8 9 30 48 57 70 71 115 328
0 8 30 48 57 70 71 83 115 196 328
0 1 8 18 30 57 70 71 83 115 196 328
0 8 9 30 48 57 70 71 83 115 196 328 401
0 1 8 9 14 30 48 57 70 71 83 115 196 328
0 8 9 14 18 57 70 83 93 115 159 162 201 208 213
1 3 4 7 23
1 3 4 7 23 69
1 3 4 7 23 69 103
1 3 4 7 23 69 73 103
1 3 4 7 23 47 69 99 103
1 3 4 7 23 47 69 73 99 103
1 3 4 7 23 39 47 69 73 99 103
1 3 4 7 23 31 39 47 69 73 99 103
1 2 3 4 7 23 39 47 69 73 99 103 131
1 2 3 4 7 22 23 39 47 69 73 87 99 103
1 2 3 4 7 22 23 39 43 47 69 73 99 103 131
1 14 19 49 53
1 14 19 49 50 53
1 14 19 49 50 53 62
1 14 18 19 49 50 53 62
1 14 18 19 42 49 50 53 62
1 14 18 19 42 49 50 53 62 66
1 14 18 19 41 42 49 50 53 62 66
1 14 18 19 34 41 42 49 50 53 62 66
1 14 18 19 34 41 42 49 50 53 54 62 66
0 1 14 18 19 34 41 42 49 50 53 54 62 66
0 1 14 18 19 33 34 41 42 49 50 53 54 62 66
1 19 26 33 73
1 19 26 33 73 82
1 19 25 26 33 73 82
1 19 26 33 57 58 73 82
1 19 25 26 33 57 58 73 82
1 19 25 26 33 58 73 74 82 95
1 19 25 26 33 49 58 73 74 82 95
1 19 25 26 33 49 58 64 73 74 82 95
1 19 25 26 33 49 57 58 64 73 74 82 95
1 19 25 26 33 49 57 58 64 73 74 82 86 95
1 19 25 26 33 49 57 58 64 73 74 82 86 95 150
9 15 33 75 85
9 15 33 75 85 111
9 15 33 75 85 89 111
3 9 15 33 75 85 89 111
3 9 15 32 33 75 85 89 111
3 9 15 32 33 75 85 89 107 111
3 9 15 32 33 69 75 85 89 107 111
3 9 12 15 32 33 69 85 89 107 111 126
3 9 12 15 32 33 60 69 75 85 89 107 111
3 9 12 15 32 33 60 69 85 89 97 107 111 126
3 9 12 15 32 33 60 69 75 85 89 97 107 111 126
1 3 20 57 59
1 3 20 30 57 59
1 3 20 30 57 59 60
1 3 20 30 57 59 60 84
1 3 20 30 48 57 59 60 84
1 3 19 20 30 48 57 59 60 84
1 3 19 20 30 48 57 59 60 79 84
1 3 19 20 30 36 48 57 59 60 79 84
1 3 19 20 30 36 48 53 57 59 60 79 84
1 3 19 20 30 36 48 49 53 57 59 60 79 84
1 3 19 20 30 36 48 49 53 57 59 60 63 79 84
6 10 29 41 157
1 6 10 29 41 157
1 6 10 29 41 54 157
1 4 6 10 29 41 54 157
1 6 10 29 41 54 59 104 157
1 4 6 10 29 41 54 59 104 157
1 4 6 10 29 35 41 54 59 104 157
1 4 6 10 29 35 41 54 59 157 175 205
1 4 6 10 29 35 41 54 59 63 104 157 175
1 4 6 10 29 35 41 54 59 104 157 175 205 218
1 4 6 10 29 34 35 41 54 59 63 87 104 157 175
3 4 9 23 45
0 3 4 9 23 45
0 3 4 9 23 45 113
0 3 4 9 23 45 113 123
0 1 4 7 9 23 45 79 113
0 1 4 7 9 23 42 45 51 113
0 1 3 4 7 9 23 42 45 79 113
0 1 3 4 7 9 23 42 45 79 113 123
0 1 3 4 7 9 23 42 45 69 79 113 123
0 1 3 4 7 9 23 26 42 45 51 113 123 159
0 1 3 4 7 9 23 26 35 42 45 69 79 113 123
1 22 30 58 136
1 22 30 58 67 136
1 22 30 47 58 121 136
1 22 30 47 58 121 136 138
1 3 22 30 47 58 121 136 138
1 3 22 30 47 58 113 121 136 138
1 3 22 30 47 58 79 113 121 136 138
1 3 22 30 47 58 79 113 121 136 138 345
1 3 22 30 47 58 67 79 121 126 136 138 345
1 3 15 22 30 47 58 67 79 114 121 136 138 345
1 3 15 22 30 47 58 67 79 114 121 136 138 145 345
7 13 29 36 78
0 7 13 29 36 78
0 7 13 22 29 36 78
0 2 7 13 22 29 36 53
0 2 7 13 22 29 36 51 78
0 2 7 13 22 29 36 53 78 104
0 2 7 13 22 29 36 51 53 78 104
0 2 7 13 22 29 36 51 53 78 80 104
0 2 7 13 22 26 27 29 36 51 53 78 104
0 2 3 7 13 22 26 29 36 51 53 78 80 104
0 2 3 7 13 22 26 29 36 51 53 78 80 104 133
1 28 65 66 69
1 28 65 66 69 83
1 27 28 65 66 69 83
1 20 27 28 65 66 69 83
1 20 27 28 65 66 69 78 83
1 20 27 28 59 65 66 69 78 83
1 20 27 28 59 65 66 69 78 83 87
1 20 27 28 57 59 65 66 69 78 83 87
1 20 27 28 49 57 59 65 66 69 78 83 87
0 1 20 27 28 49 57 59 65 66 69 78 83 87
0 1 13 20 27 28 49 56 57 65 66 78 83 87 99
17 53 66 67 312
8 17 53 66 67 312
8 17 29 53 66 67 312
0 8 17 29 53 66 67 312
0 8 9 17 29 53 66 67 312
0 8 9 29 45 53 66 67 197 312
0 8 17 29 53 66 67 79 89 186 312
0 8 9 17 29 45 53 66 67 89 197 312
0 8 9 19 29 45 53 66 67 89 186 197 312
0 8 9 19 29 45 53 66 67 89 150 186 197 312
0 8 9 14 17 29 53 66 67 79 89 143 186 312 486
0 1 2 3 48
0 1 2 3 13 48
1 2 3 12 13 28 48
1 2 3 12 13 28 48 62
1 2 3 12 13 15 28 48 62
1 2 3 12 13 15 28 48 49 62
1 2 3 12 13 15 28 48 49 54 62
0 1 2 3 12 13 15 28 48 49 54 62
0 1 2 3 12 13 15 28 38 48 49 54 62
0 1 2 3 12 13 15 28 29 38 48 49 54 62
0 1 2 3 12 13 15 28 29 38 48 49 54 62 83
1 3 11 13 27
1 3 8 11 13 27
1 3 8 11 13 18 27
1 3 8 11 13 18 25 27
1 3 8 11 13 15 18 25 27
1 3 8 11 13 15 18 20 25 27
1 3 8 11 13 15 18 20 25 27 40
1 3 8 11 13 15 18 20 25 27 40 61
1 3 8 11 13 15 18 20 25 27 28 40 60
1 3 8 11 13 15 18 20 25 27 39 40 60 61
1 3 8 11 13 15 18 20 25 27 31 39 40 60 61
5 7 14 41 42
5 7 14 32 41 42
4 5 7 14 32 41 42
4 5 7 14 32 41 42 44
5 7 12 14 32 41 42 44 101
4 5 7 12 14 32 41 42 44 101
4 5 7 12 14 32 41 42 44 49 101
4 5 7 12 14 32 41 42 44 49 50 101
4 5 7 12 14 31 32 41 42 44 49 50 101
4 5 7 12 14 31 32 41 42 44 49 50 52 101
4 5 7 12 14 31 32 37 41 42 44 49 52 88 101
3 9 22 38 55
3 9 22 38 55 57
3 9 20 22 38 55 57
3 9 20 22 38 55 57 58
3 9 12 20 22 38 55 57 58
3 9 12 20 22 38 55 57 58 61
3 6 9 20 22 38 44 55 57 58 61
3 6 9 20 22 38 44 53 55 57 58 61
3 6 9 20 22 25 30 38 44 55 57 58 61
3 4 6 9 12 20 22 30 38 44 55 57 58 61
3 6 9 12 20 22 25 30 38 44 55 57 58 61 64
0 4 11 14 24
0 4 11 14 15 24
0 4 11 14 15 24 49
0 4 11 14 15 22 24 49
0 4 11 14 15 22 24 28 49
0 4 11 14 15 21 22 24 28 49
0 4 5 11 14 15 21 22 24 28 49
0 4 5 11 14 15 21 22 24 28 47 49
0 4 5 11 14 15 19 21 22 24 28 47 49
0 4 5 11 14 15 19 21 22 24 28 39 47 49
0 4 5 11 14 15 19 21 22 23 24 28 39 47 49
1 7 19 28 81
1 4 7 19 28 81
1 4 7 19 28 43 81
1 4 7 19 28 43 48 81
1 4 7 19 28 43 48 81 138
1 4 7 19 23 28 43 48 81 138
1 4 7 19 23 28 43 44 48 81 138
1 4 7 16 19 23 28 43 44 48 81 138
1 4 7 16 19 23 28 43 44 48 81 138 156
1 4 7 16 19 23 28 43 44 48 81 131 138 167
1 4 7 16 19 23 28 43 44 48 81 138 145 156 167
0 1 2 5 13
0 1 2 5 13 82
0 1 2 3 5 13 26
0 1 2 3 5 13 15 46
0 1 2 3 5 13 15 26 46
0 1 2 3 5 9 13 15 26 46
0 1 2 3 5 9 13 15 26 46 82
0 1 2 3 5 9 13 15 21 26 46 82
0 1 2 3 5 9 13 15 26 46 71 82 96
0 1 2 3 5 9 13 15 26 46 71 82 86 96
0 1 2 3 5 9 13 15 20 21 26 46 71 82 96
1 17 23 38 48
1 2 17 23 38 48
1 2 17 23 38 48 99
1 2 17 23 38 48 68 99
1 2 17 23 38 48 68 93 99
1 2 17 23 38 48 59 68 98 105
1 2 17 23 25 38 48 59 68 98 105
1 2 17 23 38 48 56 68 93 98 99 109
1 2 17 23 38 48 56 68 93 98 99 109 181
1 2 10 17 23 38 48 56 68 93 99 109 181 292
1 2 10 17 23 38 48 59 68 99 105 109 135 181 292
0 3 6 11 15
0 3 6 11 15 27
0 1 3 6 11 15 27
0 1 3 6 11 15 25 27
0 1 3 6 11 13 15 25 27
0 1 3 6 11 13 14 15 25 27
0 1 3 6 11 13 14 15 25 27 38
0 1 3 6 11 13 14 15 25 27 38 41
0 1 3 6 11 13 14 15 25 27 38 41 63
0 1 3 6 11 13 14 15 25 27 38 41 62 63
0 1 3 6 11 13 14 15 25 27 38 41 43 62 63
2 6 27 29 33
2 6 7 27 29 33
2 6 7 22 27 29 33
2 6 7 22 27 29 33 35
2 3 6 7 22 27 29 33 35
2 3 6 7 22 27 29 33 34 35
1 2 3 6 7 22 27 29 33 34 35
1 2 3 6 7 22 27 29 33 34 35 49
1 2 3 6 7 9 22 27 29 33 34 35 49
1 2 3 6 7 9 22 27 29 33 34 35 49 73
1 2 3 6 7 9 22 27 29 33 34 35 49 65 73
9 17 19 56 327
10 28 56 69 70 327
0 10 28 56 69 70 327
0 9 10 28 56 69 70 327
0 9 10 28 48 56 69 70 327
0 9 10 17 28 48 56 70 92 327
0 9 10 17 28 32 48 56 69 70 327
0 1 9 10 17 28 48 56 69 70 92 327
0 9 10 17 28 32 48 56 69 70 92 196 327
0 9 10 17 28 32 48 56 69 70 92 149 196 327
0 9 10 15 17 28 32 48 56 69 70 82 92 327 518
8 17 53 66 111
8 17 29 53 66 111
8 17 29 53 66 111 309
8 9 29 45 53 66 111 309
0 8 9 17 53 66 111 187 309
8 17 29 53 66 67 79 111 183 309
0 8 29 45 53 66 67 79 111 183 309
0 8 17 29 45 53 66 67 79 111 183 309
0 8 9 17 29 53 66 67 95 111 194 309 321
0 8 9 14 29 45 53 66 67 79 95 111 183 309
0 8 9 17 53 66 89 95 111 147 183 187 194 306 309
17 54 67 68 331
17 54 67 68 134 331
17 29 54 67 68 134 331
8 29 45 54 67 68 134 331
0 8 29 45 54 67 68 134 331
0 8 9 19 29 45 54 67 134 207
0 8 9 29 45 54 67 68 134 207 331
0 8 9 29 45 54 67 68 134 207 331 363
0 8 9 29 45 54 67 68 134 196 207 331 363
0 8 9 17 29 54 67 68 134 196 200 207 331 363
0 8 9 17 29 54 67 68 81 91 102 196 331 363 377
30 66 79 80 340
15 30 66 79 80 340
15 30 42 66 79 80 340
0 15 30 42 66 79 80 340
0 15 16 42 58 66 79 80 340
0 15 16 30 42 66 79 80 102 340
0 15 16 30 42 66 79 80 92 102 340
0 3 15 30 66 79 80 92 195 204 215 340
0 15 16 30 42 58 66 79 80 102 159 215 340
0 3 15 16 30 66 79 80 92 195 204 330 340 520
0 15 16 25 30 42 66 79 80 92 102 153 162 340 520
8 17 55 68 113
8 17 55 68 113 316
0 8 9 17 55 68 113
8 9 17 55 68 113 192 316
0 8 9 30 47 55 68 113 199
0 8 9 30 47 55 68 113 188 316
0 8 30 47 55 68 69 82 113 188 316
0 1 8 17 30 55 68 69 82 113 188 316
0 8 17 30 55 68 69 82 113 188 192 248 316
0 1 8 9 14 30 47 55 68 69 82 113 188 316
0 1 8 9 14 17 30 55 68 69 82 92 113 188 316
3 33 60 77 364
3 33 60 77 107 364
12 22 33 60 77 78 364
3 12 33 35 60 77 107 364
0 3 12 33 35 60 77 107 364
0 3 12 22 33 35 60 77 107 364
0 3 12 22 33 35 60 77 78 107 364
0 3 12 22 33 35 60 77 78 107 283 364
0 3 12 33 35 52 60 75 77 78 107 137 364
0 3 9 12 33 35 52 60 75 77 78 107 137 364
0 3 9 12 33 35 52 60 75 77 78 107 137 239 364
7 32 61 69 362
7 32 61 69 78 362
0 7 32 61 69 78 362
0 7 28 32 61 69 78 362
0 7 10 28 32 61 69 78 362
0 7 9 10 32 34 61 69 78 362
0 7 9 10 17 32 34 61 69 78 362
0 7 9 10 17 28 32 51 61 78 225 385
0 7 9 10 15 17 28 32 34 61 69 78 362
0 7 9 10 17 28 32 34 51 61 69 78 208 362
0 7 8 9 10 17 28 32 61 69 78 128 219 298 362
8 19 66 81 147
8 14 19 66 81 147
8 14 19 66 81 147 380
8 14 19 66 81 147 241 380
8 14 19 66 81 147 236 241 380
0 8 9 14 34 55 66 81 147 248
0 8 14 19 66 81 104 147 236 241 380
0 8 14 19 66 81 104 125 147 236 241 380
0 8 9 14 19 66 81 104 125 147 236 241 380
0 8 14 19 60 66 81 104 125 147 236 248 344 380
0 8 14 19 60 66 81 104 114 125 147 236 248 344 380
28 54 69 95 314
8 17 28 54 69 314
8 28 30 54 69 95 314
0 8 28 30 54 69 95 314
0 8 17 28 30 54 69 95 314
0 8 28 30 46 54 68 69 95 314
0 7 8 28 30 46 54 68 69 95 314
0 8 9 28 30 46 54 68 69 95 314 498
0 8 17 28 30 54 68 69 81 92 95 143 314
0 3 7 8 9 28 30 46 54 68 69 95 149 314
0 8 17 28 30 54 68 69 81 92 95 244 314 360 498
8 46 54 67 68
8 17 54 67 68 320
8 17 29 54 67 68 320
0 8 17 29 54 67 68 320
0 8 9 29 46 54 67 68 320
8 9 17 29 54 67 68 98 205 320
0 8 9 17 29 54 67 68 98 205 320
0 8 9 17 29 54 67 68 90 98 205 320
0 1 8 17 29 54 67 68 80 90 98 188 320
0 1 8 9 17 29 54 67 68 80 90 98 188 320
0 1 8 9 17 29 54 67 68 90 98 188 205 254 320
1 2 3 6 7
0 1 2 3 6 7
0 1 2 3 6 7 14
0 1 2 3 6 7 11 14
1 2 3 6 7 10 11 14 26
1 2 3 6 7 10 11 14 26 53
1 2 3 6 7 10 11 14 26 50 53
1 2 3 6 7 8 10 11 14 26 50 53
0 1 2 3 6 7 10 11 14 26 36 50 53
0 1 2 3 6 7 8 10 11 14 26 36 50 53
0 1 2 3 6 7 8 10 11 14 26 36 50 53 67
1 2 3 16 71
1 2 3 16 71 80
1 2 3 16 71 80 140
1 2 3 16 40 71 80 140
1 2 3 12 16 40 71 80 140
1 2 3 12 16 26 40 71 80 140
1 2 3 12 16 26 40 71 80 82 140
1 2 3 12 16 26 40 71 73 80 82 140
1 2 3 12 16 23 26 40 71 73 80 82 140
1 2 3 12 14 16 23 26 40 71 73 80 82 140
1 2 3 10 12 14 16 23 26 40 71 73 80 82 140
3 9 11 14 17
3 9 11 14 17 21
3 9 11 14 17 20 21
3 7 9 11 14 17 21 45
3 7 9 11 14 17 20 21 45
3 7 9 11 14 17 20 21 45 85
3 6 7 9 11 14 17 20 21 55 85
3 6 7 9 11 14 17 20 21 55 85 91
3 6 7 9 11 14 17 20 21 55 85 91 92
3 6 7 9 11 14 15 17 20 21 45 85 91 92
3 6 7 9 11 14 17 20 21 24 55 72 85 91 92
1 2 4 8 12
1 2 3 4 8 12
0 1 2 3 4 8 12
0 1 2 3 4 8 12 41
1 2 3 4 8 12 14 38 41
0 1 2 3 4 8 12 29 41 88
0 1 2 3 4 8 12 14 15 29 41
0 1 2 3 4 8 12 14 15 29 41 88
1 2 3 4 8 12 14 15 17 29 38 41 88
1 2 3 4 8 12 14 15 17 20 29 38 41 88
1 2 3 4 8 12 14 15 17 20 24 29 38 41 88
8 10 11 23 32
8 10 11 23 32 81
1 8 10 11 23 32 81
1 5 8 10 11 23 32 81
1 5 6 8 10 11 23 32 81
1 5 6 8 10 11 23 32 49 81
1 5 6 8 10 11 23 32 45 49 81
1 5 6 8 10 11 23 27 32 45 49 81
1 5 6 8 10 11 23 27 32 45 49 81 164
1 5 6 8 10 11 23 27 32 45 49 81 164 200
1 5 6 8 10 11 23 27 32 45 49 81 164 195 295
1 2 3 6 14
1 2 3 6 14 96
1 2 3 4 6 14 28
1 2 3 4 6 14 16 44
1 2 3 4 6 14 16 28 31
1 2 3 4 6 10 14 16 28 44
1 2 3 4 6 10 14 16 28 44 96
1 2 3 4 6 10 14 16 23 28 44 96
1 2 3 4 6 10 14 16 28 44 81 96 102
1 2 3 4 6 10 14 16 22 28 44 81 96 102
1 2 3 4 6 10 14 16 22 28 33 44 81 96 102
3 4 21 27 52
1 3 4 21 27 52
1 3 4 6 21 27 52
1 3 4 5 21 27 52 100
1 3 4 6 21 27 52 60 101
1 3 4 6 21 27 52 68 94 100
1 3 4 5 6 21 27 52 68 94 100
1 3 4 5 6 21 27 52 68 80 94 100
1 3 4 5 6 21 27 52 68 80 94 100 101
1 3 4 5 6 21 27 43 52 64 68 80 94 100
1 3 4 5 6 21 27 43 52 64 68 80 94 100 101
1 3 7 10 19
1 3 6 7 10 19
1 3 6 7 10 19 27
1 3 4 6 7 10 19 27
1 3 4 6 7 10 19 24 27
1 2 3 4 6 7 10 19 24 27
1 2 3 4 6 7 10 17 19 24 27
1 2 3 4 6 7 10 15 17 19 24 27
1 2 3 4 6 7 10 15 17 19 24 27 51
0 1 2 3 4 6 7 10 15 17 19 24 27 51
0 1 2 3 4 6 7 10 15 17 18 19 24 27 51
1 2 3 6 11
0 1 2 3 6 11
0 1 2 3 6 11 65
0 1 2 3 6 11 22 65
0 1 2 3 6 11 22 24 65
0 1 2 3 6 11 12 22 24 65
0 1 2 3 6 8 11 12 22 24 65
0 1 2 3 6 8 11 12 22 24 65 66
0 1 2 3 6 8 11 12 22 23 24 65 66
0 1 2 3 6 8 11 12 22 23 24 25 65 66
0 1 2 3 6 8 11 12 22 23 24 48 50 65 66
6 8 10 14 38
6 8 9 10 12 14
6 8 9 10 14 30 38
6 8 9 10 12 14 30 39
6 8 9 10 14 26 30 38 39
6 8 9 10 12 14 26 30 38 39
5 6 8 10 12 14 26 30 35 38 45
6 8 9 10 12 14 26 30 38 39 45 46
6 8 9 10 12 14 26 30 35 38 39 45 46
5 6 8 9 10 12 14 26 30 35 38 39 45 92
5 6 8 9 10 12 14 26 30 35 38 39 45 51 92
3 9 16 17 51
3 9 16 17 36 51
3 9 16 17 36 51 52
3 9 16 17 33 36 51 52
3 9 16 17 18 33 36 51 52
3 9 16 17 18 20 33 36 51 52
3 9 16 17 18 20 33 36 42 51 52
3 6 9 16 17 18 20 33 36 42 51 52
3 6 9 16 17 18 20 33 36 42 51 52 54
3 6 9 16 17 18 20 33 36 42 51 52 54 58
3 6 9 16 17 18 20 28 33 36 42 51 52 54 58
0 4 5 9 19
0 4 5 9 19 20
0 4 5 9 12 19 20
0 4 5 9 12 17 19 20
0 4 5 9 12 17 19 20 46
0 4 5 9 12 16 17 19 20 46
0 4 5 9 12 16 17 19 20 31 46
0 3 4 5 9 12 16 17 19 20 31 46
0 3 4 5 9 12 15 16 17 19 20 31 46
0 3 4 5 9 12 15 16 17 18 19 20 30 46
0 3 4 5 9 11 12 15 16 17 18 19 20 31 46
1 7 20 29 40
1 7 20 29 40 79
1 4 7 20 29 40 79
1 4 7 20 29 40 43 79
1 4 7 20 29 40 43 47 79
1 4 7 20 24 29 40 43 47 79
1 4 7 20 24 29 40 43 47 79 135
1 4 7 20 24 29 40 43 47 79 133 135
1 4 7 20 23 24 29 40 43 47 79 135 163
1 4 7 20 23 24 29 40 43 47 79 133 135 163
1 4 7 20 23 24 29 40 43 47 79 133 135 163 274
0 2 5 13 29
0 1 2 5 13 29
0 1 2 5 13 29 79
0 1 2 3 5 13 29 44
0 1 2 3 5 13 28 29 44
0 1 2 3 5 13 16 28 29 44
0 1 2 3 5 13 16 28 29 44 79
0 1 2 3 5 13 16 28 29 32 50 79
0 1 2 3 5 9 13 16 28 29 44 50 79
0 1 2 3 5 13 16 28 29 32 34 50 79 109
0 1 2 3 5 9 13 16 26 28 29 44 69 79 109
1 17 23 38 48
1 2 17 23 38 48
1 2 17 23 38 42 48
1 2 17 23 38 42 48 95
1 2 17 23 38 42 48 64 95
1 2 17 23 38 42 48 64 89 95
1 2 17 23 38 42 48 54 64 89 95
1 2 17 23 38 42 48 54 64 89 95 104
1 2 17 23 38 42 48 54 64 89 94 95 104
1 2 10 17 23 38 42 48 54 64 89 94 95 104
1 2 10 17 23 38 42 48 54 64 89 95 100 104 286
3 6 12 16 20
1 3 6 12 16 20
1 3 6 12 16 17 20
1 3 6 12 16 17 20 25
1 3 6 12 16 17 20 23 25
0 1 3 6 12 16 17 20 23 25
0 1 3 6 12 14 16 17 20 23 25
0 1 3 6 12 14 15 16 17 20 23 25
0 1 3 6 12 14 15 16 17 20 23 25 36
0 1 3 6 12 14 15 16 17 20 23 25 31 36
0 1 3 6 12 14 15 16 17 20 23 25 31 36 38
3 7 11 12 25
3 7 11 12 24 25
3 7 11 12 20 24 25
3 7 8 11 12 20 24 25
3 7 8 11 12 20 21 24 25
3 7 8 11 12 20 21 24 25 29
3 7 8 11 12 20 21 24 25 29 30
3 7 8 11 12 13 20 21 24 25 29 30
1 3 7 8 11 12 13 20 21 24 25 29 30
1 3 7 8 11 12 13 20 21 24 25 29 30 32
1 3 7 8 10 11 12 13 20 21 24 25 29 30 32
3 9 20 26 78
3 9 20 22 26 78
3 9 20 22 26 78 87
3 9 20 22 24 26 78 87
3 9 20 22 24 26 78 85 87
3 9 20 22 24 26 78 79 80 87
3 6 9 20 22 24 26 78 79 80 87
3 6 9 18 20 22 24 26 78 79 80 85
3 6 9 18 20 22 24 26 78 79 80 85 141
3 9 18 20 22 24 26 31 72 78 79 80 85 105
3 6 9 18 20 22 24 26 73 78 79 80 85 87 141
0 8 11 17 22
0 8 11 17 22 44
0 8 11 17 22 44 49
0 8 11 17 22 40 44 49
0 8 11 17 22 35 40 44 49
0 8 11 17 22 25 35 40 44 49
0 8 10 11 17 22 25 35 40 44 49
0 8 10 11 17 22 25 35 40 44 49 51
0 8 10 11 17 22 25 35 40 44 49 51 61
0 8 10 11 15 17 22 25 35 40 44 49 51 61
0 8 10 11 15 17 22 25 35 40 41 44 49 51 61
1 7 21 30 91
1 7 21 30 91 162
1 4 7 21 30 36 91
1 4 7 21 30 36 91 162
1 4 7 21 30 36 56 91 162
1 4 7 17 21 30 36 56 91 162
1 4 7 21 30 36 54 56 91 158 162
1 4 7 21 30 36 54 56 91 158 162 171
1 4 7 21 25 30 36 54 56 91 158 162 171
1 4 7 21 25 30 36 49 54 56 91 158 162 171
1 4 7 17 21 25 30 36 54 56 91 158 162 171 188
0 2 5 13 37
0 1 2 5 13 111
0 1 2 5 9 13 37
0 1 2 3 5 13 32 37
0 1 2 3 5 9 13 37 111
0 1 2 3 5 9 13 15 37 111
0 1 2 3 5 9 13 15 32 37 111
0 1 2 3 5 9 13 32 37 85 96 111
0 1 2 3 5 9 13 15 32 37 85 96 111
0 1 2 3 5 9 13 15 32 37 85 96 100 111
0 1 2 3 5 9 13 15 22 32 37 85 96 100 111
1 17 24 53 64
1 17 24 53 64 124
1 2 17 24 53 64 124
1 2 17 24 53 64 108 124
1 2 17 24 53 64 108 124 134
1 2 17 24 53 64 65 76 108 124
1 2 17 24 45 53 64 76 108 124 134
1 2 17 24 45 53 61 64 76 108 124 134
1 2 10 17 24 42 53 61 64 76 108 124 134
0 1 2 10 17 24 45 53 61 64 76 108 124 134
0 1 2 17 24 45 53 61 64 65 76 109 124 134 372
0 3 6 17 29
0 3 6 12 17 29
0 1 3 6 17 29 38
0 1 3 6 12 17 29 38
0 1 3 6 12 17 27 29 38
0 1 3 6 12 17 29 36 38 70
0 1 3 6 12 17 27 29 36 38 70
0 1 3 6 12 15 17 27 29 36 38 70
0 1 3 6 12 15 17 27 29 36 38 70 127
0 1 3 6 12 15 17 27 29 36 38 57 70 127
0 1 3 6 12 15 17 27 29 36 38 57 70 73 127
3 10 14 21 52
3 10 14 21 52 60
3 10 14 21 52 60 113
3 10 14 21 52 59 60 113
3 10 14 19 21 52 53 60 113
3 10 14 19 21 48 52 53 60 113
3 10 14 19 21 42 52 53 59 60 113
3 10 14 16 19 21 42 52 53 59 60 113
3 10 14 16 19 21 33 48 52 53 59 60 113
3 10 12 14 16 19 21 33 48 52 53 59 60 113
3 10 12 14 16 19 21 33 42 48 52 53 59 60 113
3 14 18 22 56
3 9 14 18 22 56
3 9 14 18 22 47 56
3 9 14 18 22 47 56 64
3 9 14 18 22 25 47 56 64
3 9 14 18 22 25 26 47 56 64
3 9 14 18 22 25 26 47 56 64 91
3 9 14 18 22 24 25 26 47 56 64 91
3 6 9 14 18 22 25 26 43 47 56 64 91
3 6 9 14 18 22 25 26 27 43 47 56 64 91
3 9 14 18 22 24 25 26 27 43 47 56 64 67 91
2 19 31 40 96
2 10 19 31 40 96
2 10 19 31 40 52 96
2 10 19 31 40 52 56 96
2 10 19 31 40 52 56 96 168
2 10 19 31 35 40 52 56 96 168
2 4 10 19 31 40 52 53 56 96 168
2 4 10 19 31 35 40 52 53 56 96 168
2 10 19 28 31 35 40 52 53 56 96 168 186
2 4 10 19 28 31 35 40 52 53 56 96 168 186
2 4 10 19 28 31 35 40 52 53 56 96 134 168 186
7 9 14 19 27
7 9 14 19 27 119
7 9 14 17 19 27 41
7 9 14 19 23 27 41 119
7 9 14 17 19 27 29 41 69
7 9 14 17 19 23 27 29 41 69
3 7 9 14 17 19 23 27 41 69 119
3 7 9 14 17 19 23 27 29 41 69 119
3 7 9 14 17 19 23 27 29 36 41 69 119
3 7 9 14 17 19 23 27 29 34 41 69 102 119
3 7 9 14 17 19 23 27 29 34 36 41 69 119 123
3 13 31 37 62
10 13 31 37 53 62
10 13 16 31 37 53 62
10 13 16 31 37 53 62 122
3 10 13 16 31 37 53 62 121
10 13 16 31 37 53 62 70 78 121
3 10 13 16 31 37 53 62 78 116 122
3 10 13 16 31 37 53 62 70 78 121 122
3 10 13 16 31 37 53 62 68 70 78 121 122
3 10 13 16 31 37 53 62 68 78 116 121 122 141
3 10 13 16 31 37 53 62 68 78 116 121 122 141 153
7 17 20 25 29
7 15 17 20 29 47
7 15 17 20 25 29 47
7 15 17 20 25 29 41 47
7 15 17 20 25 29 41 47 87
7 15 17 20 25 29 35 41 47 87
7 15 17 20 25 27 28 29 41 47 87
7 10 15 17 20 25 27 29 35 41 47 60
7 15 17 20 25 27 28 29 35 41 47 60 87
7 10 15 17 20 25 27 28 29 35 41 47 60 87
7 10 13 15 17 20 25 27 28 29 35 41 47 60 87
3 9 16 20 48
3 9 16 20 48 73
3 9 16 20 48 68 73
3 9 16 20 26 48 68 73
3 9 16 20 26 48 65 68 73
3 9 16 20 41 48 65 66 68 73
3 9 16 20 26 41 48 65 66 68 73
3 9 16 20 25 26 41 48 65 66 68 73
3 9 16 17 20 25 26 41 48 65 66 68 73
3 9 16 17 20 25 26 41 48 64 65 66 68 73
3 9 16 17 20 21 25 26 41 48 64 65 66 68 73
1 8 21 30 40
1 8 21 30 40 85
1 4 8 21 30 40 85
1 4 8 21 30 40 45 85
1 4 8 21 30 40 49 54 85
1 4 7 8 21 30 40 45 85 131
1 4 7 8 21 25 30 40 45 85 131
1 4 7 8 21 25 30 40 45 49 85 131
1 4 7 8 21 25 30 40 45 49 85 131 146
1 4 7 8 21 25 30 40 45 49 85 131 146 186
1 4 7 8 18 21 25 30 40 45 49 85 131 146 186
0 2 6 15 30
0 2 6 15 30 38
0 1 2 6 15 30 38
0 1 2 4 6 15 30 38
0 1 2 4 6 15 30 34 38
0 1 2 4 6 15 23 30 34 38
0 1 2 4 6 15 17 29 30 38 53
0 1 2 4 6 15 17 23 29 30 34 38
0 1 2 4 6 15 17 23 29 30 34 38 59
0 1 2 4 6 11 15 17 29 30 38 53 59 90
0 1 2 4 6 11 15 17 24 29 30 34 38 59 90
1 18 24 39 48
1 2 18 24 39 48
1 2 18 24 39 48 100
1 2 18 24 39 48 66 100
1 2 18 24 39 48 57 66 100
1 2 18 24 39 48 57 66 100 105
1 2 3 18 24 39 48 66 94 100 109
1 2 11 18 24 39 48 57 66 99 105 109
1 2 3 11 18 24 39 48 57 66 100 105 109
1 2 11 18 24 34 39 48 57 66 94 99 105 109
1 2 11 18 24 39 48 57 66 78 94 100 105 109 296
4 8 13 18 21
4 8 13 18 21 25
0 4 8 13 18 21 25
1 4 8 13 18 21 25 32
0 1 4 8 13 18 21 25 32
0 1 4 8 13 18 21 25 30 32
0 1 4 8 13 16 18 21 25 30 32
0 1 4 8 13 16 17 18 21 25 30 32
0 1 4 8 13 16 17 18 21 25 30 32 48
0 1 4 8 13 16 17 18 21 25 28 29 30 32
0 1 4 8 13 16 17 18 21 25 28 29 30 32 48
0 9 13 17 36
0 4 9 13 17 36
0 4 9 13 17 36 53
0 4 9 13 17 20 36 53
0 4 9 10 13 17 20 36 53
0 4 9 10 13 17 19 36 37 61
0 4 9 10 13 17 19 20 36 37 61
0 4 9 10 13 17 19 20 27 36 37 61
0 4 9 10 13 17 19 20 27 36 37 53 61
0 4 9 10 13 17 19 20 27 31 36 37 53 61
0 4 9 10 13 17 19 20 27 31 32 36 37 53 61
2 8 12 26 35
2 8 12 26 35 46
2 8 12 26 35 46 109
2 5 8 10 12 26 35 46
2 5 8 10 12 26 35 46 109
2 5 8 10 12 26 35 46 71 109
1 2 5 8 10 12 26 35 46 71 109
1 2 5 6 8 10 12 26 35 46 71 109
2 5 6 8 10 12 26 35 46 61 71 109 211
2 5 6 8 10 12 20 26 35 46 61 71 109 211
2 5 6 8 10 12 26 31 35 46 61 66 109 133 211
11 28 40 44 79
6 11 28 40 44 79
1 6 11 28 40 57 79
1 6 11 28 40 57 79 139
1 6 11 28 40 44 57 79 139
1 6 11 28 40 44 57 79 139 180
1 6 11 28 40 44 57 65 79 139 178
1 6 8 11 28 40 44 57 65 79 139 180
1 6 8 11 28 40 44 57 65 79 92 139 178
1 6 8 11 28 40 44 57 79 92 139 180 224 327
1 4 6 8 11 28 40 44 57 65 79 92 139 178 224
1 2 10 17 28
1 2 10 17 28 39
1 2 7 10 17 28 39
1 2 7 10 17 28 39 90
1 2 7 10 17 28 39 53 90
1 2 7 10 17 26 28 39 53 90
1 2 7 10 17 26 28 39 53 81 90
1 2 5 7 10 17 26 28 39 53 81 90
1 2 5 7 10 17 26 28 39 53 81 90 157
1 2 5 7 10 17 26 28 39 53 81 90 157 178
1 2 5 7 10 17 26 28 33 39 53 81 90 157 190
1 7 22 31 91
1 4 7 22 31 91
1 4 7 22 31 50 91
1 4 7 22 31 50 54 91
1 4 7 22 31 50 54 91 148
1 4 7 22 26 31 50 54 91 148
1 4 7 22 26 31 50 51 54 91 148
1 4 7 18 22 26 31 50 51 54 91 148
1 4 7 18 22 26 31 50 51 54 91 148 178
1 4 7 18 22 26 31 36 50 51 54 91 148 178
1 4 7 18 22 26 31 36 50 51 54 91 148 154 165
3 4 5 8 28
0 3 4 8 28 66
0 3 4 8 28 36 66
0 1 3 4 8 28 36 66
0 1 3 4 6 8 28 36 66
0 1 3 4 8 28 36 66 84 157
0 1 3 4 8 28 36 63 66 84 112
0 1 3 4 5 6 8 28 36 63 66 112
0 1 3 4 5 8 28 36 50 66 84 112 118
0 1 3 4 5 8 28 36 66 84 112 118 157 293
0 1 3 4 5 8 28 33 36 50 66 75 84 120 293
1 3 8 21 32
0 1 3 8 21 32
0 1 3 8 21 32 54
0 1 3 8 13 32 54 104
0 1 3 8 13 21 32 44 54
0 1 3 6 8 13 21 32 44 54
0 1 3 4 6 8 21 32 44 52 54
0 1 3 4 6 8 13 21 32 44 54 104
0 1 2 3 4 6 8 21 32 44 52 54 104
0 1 2 3 4 6 8 13 21 32 44 52 54 104
0 1 2 3 4 6 8 13 21 29 32 44 52 54 104
0 1 2 5 15
0 1 2 5 15 93
0 1 2 3 5 15 36
0 1 2 5 11 15 57 93
0 1 2 3 5 15 18 36 57
0 1 2 3 5 11 15 18 36 57
0 1 2 3 5 11 15 18 27 36 57
0 1 2 3 5 11 15 18 27 36 57 93
0 1 2 3 5 11 15 18 27 36 57 83 93
0 1 2 3 5 11 15 18 27 36 57 83 93 97
0 1 2 3 5 11 15 17 18 27 36 57 83 93 97
2 7 20 35 48
2 7 20 35 48 65
2 7 20 32 35 48 65
0 2 7 20 32 48 65 95
2 3 7 20 32 35 48 65 95
2 3 7 20 32 35 48 65 95 117
2 3 7 20 32 35 48 65 93 95 111
0 2 3 7 20 32 35 48 65 95 111 117
0 2 3 7 20 32 35 48 65 95 111 117 217
0 2 3 7 16 20 32 35 48 65 95 111 117 217
0 2 3 7 16 20 32 35 48 54 65 81 95 111 117
1 19 26 42 57
1 19 26 42 57 65
1 2 19 26 42 47 57
1 2 19 26 42 47 57 110
1 2 19 26 42 47 57 73 110
1 2 19 26 42 47 57 65 73 110
1 2 19 26 42 47 57 65 73 110 115
1 2 19 26 42 47 57 73 104 109 115 121
1 2 19 26 42 47 57 63 73 104 109 110 121
1 2 19 26 42 44 47 57 63 65 73 91 109 110
1 2 12 19 26 42 47 57 73 91 104 110 115 121 306
0 3 8 14 18
0 3 8 14 18 37
0 1 3 8 14 18 37
0 1 3 8 14 18 33 37
0 1 3 8 14 18 22 33 37
0 1 3 8 14 18 22 33 37 64
0 1 3 8 14 16 18 22 33 37 64
0 1 3 8 14 16 18 22 33 37 51 64
0 1 3 8 14 16 18 22 23 33 37 51 64
0 1 3 8 14 16 17 18 22 23 33 37 51 64
0 1 3 8 14 16 17 18 22 23 33 36 37 51 64
