408
408 699
408 699 2013
408 699 2013 2374
286 408 699 2013 2374
30 286 408 699 2013 2374
30 286 408 699 2013 2374 3714
30 286 408 699 1052 2013 2374 3714
30 286 408 699 1052 2013 2374 2665 3714
30 286 408 483 699 1052 1853 2013 2374 3714
30 286 408 699 1052 1853 2013 2374 2665 3714 4362
30 286 408 699 1052 1687 1853 2013 2374 2665 3714 4362
30 286 408 483 699 1052 1687 1853 2013 2374 2665 3714 5201
30 286 408 483 699 1052 1687 1853 2013 2374 2665 3714 4362 5201
30 31 286 408 483 699 959 1052 1853 2013 2374 2665 3714 4362 5201
30 286 408 483 699 958 1052 1687 1853 2013 2374 2634 2665 3714 4362 5201
30 31 286 408 483 699 877 958 1052 1687 1853 2013 2374 2634 2665 3714 5201
30 31 286 408 483 699 877 1052 1183 1687 1853 2013 2374 2634 2665 3714 4362 5201
30 31 286 408 483 517 699 958 1052 1183 1687 1853 2013 2374 2634 2665 3714 4362 5201
30 286 408 483 517 699 877 958 959 1052 1183 1362 1687 1853 2013 2374 2665 3714 4362 5201
30 31 286 408 483 517 699 775 959 1052 1183 1362 1687 1853 2013 2374 2634 2665 3714 4362 5201
30 31 286 408 483 517 699 775 877 958 959 1052 1183 1687 1853 2013 2374 2634 2665 3714 4362 5201
30 31 286 408 483 699 775 877 915 958 959 1052 1183 1362 1687 1853 2013 2374 2634 2665 3714 4362 5201
30 31 286 408 483 699 773 877 915 958 959 1052 1183 1221 1274 1687 1853 2013 2374 2634 2665 3714 4362 5201
