2353 7910
0 110 1
1 110 1
2 110 1
3 110 1
4 110 1
5 110 1
3 111 1
6 111 1
7 112 1
8 112 1
9 113 1
10 113 1
3 114 1
11 115 1
11 116 1
12 117 1
11 117 1
3 117 1
13 117 1
14 117 1
11 118 1
7 119 1
3 120 1
15 120 1
11 121 1
0 122 1
12 122 1
11 122 1
16 123 1
0 123 1
12 123 1
11 123 1
1 123 1
9 123 1
7 123 1
17 123 1
18 123 1
13 123 1
19 124 1
11 125 1
20 126 1
17 127 1
21 127 1
6 127 1
13 128 1
0 129 1
9 130 1
9 131 1
11 132 1
3 132 1
22 133 1
11 134 1
17 134 1
23 134 1
24 135 1
7 135 1
21 136 1
11 137 1
9 138 1
9 139 1
25 140 1
4 141 1
18 142 1
26 143 1
9 144 1
18 144 1
27 145 1
25 146 1
28 147 1
12 148 1
11 148 1
4 148 1
10 148 1
16 148 1
3 148 1
9 148 1
19 148 1
13 148 1
6 148 1
0 149 1
24 149 1
11 149 1
1 149 1
29 149 1
30 149 1
31 149 1
19 149 1
32 149 1
33 149 1
25 149 1
0 150 1
11 150 1
17 150 1
34 150 1
3 150 1
31 150 1
35 150 1
36 150 1
10 151 1
24 152 1
21 153 1
9 154 1
17 155 1
37 155 1
28 156 1
24 156 1
11 156 1
1 156 1
29 156 1
38 156 1
39 156 1
10 156 1
16 156 1
3 156 1
9 156 1
35 156 1
19 156 1
40 156 1
7 156 1
41 156 1
42 156 1
43 156 1
44 156 1
33 156 1
25 156 1
2 157 1
45 157 1
3 157 1
24 158 1
11 158 1
12 159 1
24 159 1
11 159 1
46 159 1
47 159 1
39 159 1
3 159 1
9 159 1
19 159 1
42 159 1
48 159 1
33 159 1
13 159 1
3 160 1
11 161 1
11 162 1
2 162 1
4 162 1
31 162 1
24 163 1
11 163 1
22 163 1
27 163 1
16 163 1
7 163 1
18 163 1
24 164 1
4 164 1
34 164 1
3 164 1
9 164 1
21 164 1
19 164 1
32 164 1
49 164 1
11 165 1
3 165 1
9 165 1
28 166 1
12 166 1
50 166 1
24 166 1
11 166 1
29 166 1
46 166 1
5 166 1
17 166 1
4 166 1
27 166 1
10 166 1
51 166 1
16 166 1
3 166 1
52 166 1
9 166 1
35 166 1
53 166 1
54 166 1
41 166 1
23 166 1
55 166 1
18 166 1
33 166 1
56 166 1
26 166 1
6 166 1
11 167 1
1 167 1
45 167 1
57 167 1
3 167 1
31 167 1
21 167 1
19 167 1
19 168 1
46 169 1
11 170 1
49 171 1
18 172 1
12 173 1
24 173 1
11 173 1
1 173 1
2 173 1
39 173 1
4 173 1
57 173 1
3 173 1
31 173 1
9 173 1
19 173 1
54 173 1
7 173 1
23 173 1
18 173 1
13 173 1
18 174 1
0 175 1
11 175 1
58 175 1
3 175 1
24 176 1
11 176 1
46 176 1
27 176 1
16 176 1
19 176 1
54 176 1
49 176 1
11 177 1
11 178 1
54 178 1
59 179 1
60 180 1
11 180 1
27 180 1
24 181 1
11 181 1
4 181 1
3 181 1
9 181 1
11 182 1
16 182 1
9 182 1
13 182 1
11 183 1
3 183 1
52 183 1
21 183 1
59 183 1
48 183 1
13 183 1
11 184 1
24 185 1
7 185 1
23 185 1
0 186 1
12 186 1
11 186 1
1 186 1
2 186 1
47 186 1
10 186 1
34 186 1
3 186 1
9 186 1
7 186 1
23 186 1
18 186 1
33 186 1
13 186 1
25 186 1
7 187 1
11 188 1
29 188 1
25 188 1
0 189 1
12 189 1
24 189 1
11 189 1
2 189 1
47 189 1
4 189 1
61 189 1
34 189 1
58 189 1
3 189 1
19 189 1
7 189 1
42 189 1
59 189 1
43 189 1
23 189 1
48 189 1
36 189 1
62 189 1
55 189 1
18 189 1
33 189 1
13 189 1
49 189 1
6 189 1
25 189 1
8 190 1
9 191 1
7 192 1
29 193 1
24 194 1
3 194 1
9 194 1
63 195 1
9 196 1
21 196 1
47 197 1
21 197 1
11 198 1
17 198 1
45 199 1
9 199 1
29 200 1
9 200 1
2 201 1
4 201 1
3 201 1
9 201 1
18 201 1
1 202 1
0 203 1
12 203 1
24 203 1
11 203 1
1 203 1
2 203 1
4 203 1
34 203 1
57 203 1
3 203 1
31 203 1
9 203 1
35 203 1
19 203 1
7 203 1
43 203 1
48 203 1
36 203 1
62 203 1
18 203 1
6 203 1
11 204 1
4 204 1
64 204 1
16 204 1
19 204 1
20 204 1
49 204 1
0 205 1
12 205 1
45 205 1
4 205 1
16 205 1
9 205 1
12 206 1
24 206 1
11 206 1
57 206 1
3 206 1
9 206 1
19 206 1
18 206 1
13 206 1
24 207 1
11 207 1
9 207 1
7 207 1
4 208 1
9 208 1
28 209 1
11 209 1
51 209 1
64 209 1
9 209 1
19 209 1
44 209 1
48 209 1
18 209 1
13 209 1
17 210 1
7 210 1
12 211 1
3 211 1
33 211 1
24 212 1
11 212 1
5 212 1
47 212 1
3 212 1
9 212 1
33 212 1
21 213 1
9 214 1
12 215 1
57 215 1
9 215 1
23 215 1
0 216 1
12 216 1
11 216 1
46 216 1
39 216 1
10 216 1
7 216 1
13 216 1
49 216 1
59 217 1
28 218 1
65 218 1
12 218 1
11 218 1
47 218 1
51 218 1
14 218 1
3 218 1
9 218 1
35 218 1
53 218 1
66 218 1
36 218 1
0 219 1
1 219 1
9 220 1
11 221 1
9 222 1
11 223 1
9 223 1
7 224 1
9 225 1
43 225 1
11 226 1
46 226 1
27 226 1
10 226 1
3 226 1
9 226 1
54 226 1
7 226 1
41 226 1
18 226 1
11 227 1
51 227 1
3 227 1
9 227 1
32 227 1
23 227 1
33 227 1
9 228 1
11 229 1
24 230 1
11 230 1
9 230 1
8 231 1
59 232 1
11 233 1
27 233 1
3 233 1
49 233 1
67 234 1
9 235 1
19 235 1
13 235 1
11 236 1
9 237 1
28 238 1
0 238 1
12 238 1
11 238 1
2 238 1
46 238 1
47 238 1
4 238 1
3 238 1
9 238 1
68 238 1
19 238 1
42 238 1
32 238 1
43 238 1
36 238 1
18 238 1
24 239 1
11 239 1
46 239 1
3 239 1
11 240 1
3 240 1
44 240 1
11 241 1
9 241 1
54 241 1
11 242 1
29 242 1
7 243 1
24 244 1
11 244 1
37 244 1
9 244 1
18 244 1
1 244 1
17 244 1
27 244 1
10 244 1
3 244 1
11 245 1
9 245 1
4 246 1
40 246 1
11 247 1
28 247 1
3 247 1
11 248 1
45 248 1
6 248 1
11 249 1
16 249 1
7 249 1
21 249 1
13 249 1
24 250 1
11 250 1
16 250 1
9 250 1
7 250 1
28 250 1
1 250 1
2 250 1
21 250 1
11 251 1
9 252 1
9 253 1
12 253 1
24 254 1
11 254 1
9 254 1
18 254 1
41 254 1
55 255 1
3 255 1
11 256 1
9 256 1
11 257 1
1 257 1
43 258 1
9 259 1
27 259 1
0 260 1
50 260 1
9 260 1
46 260 1
3 260 1
12 261 1
18 262 1
22 263 1
35 264 1
11 265 1
18 265 1
12 265 1
1 265 1
46 265 1
3 265 1
23 265 1
9 266 1
19 266 1
18 266 1
43 267 1
29 268 1
7 268 1
18 268 1
17 268 1
9 269 1
7 269 1
48 269 1
12 269 1
1 269 1
5 269 1
47 269 1
56 269 1
69 270 1
11 271 1
19 271 1
43 271 1
18 271 1
49 271 1
33 271 1
24 272 1
11 273 1
9 273 1
43 273 1
36 273 1
1 273 1
35 273 1
23 273 1
13 273 1
9 274 1
11 275 1
52 275 1
9 275 1
43 275 1
3 276 1
11 277 1
11 278 1
3 278 1
55 279 1
19 280 1
3 280 1
47 281 1
39 282 1
34 282 1
9 282 1
7 282 1
1 282 1
46 282 1
33 282 1
11 283 1
57 283 1
31 283 1
9 283 1
7 283 1
43 283 1
70 283 1
36 283 1
6 283 1
46 283 1
27 283 1
3 283 1
13 283 1
11 284 1
59 284 1
43 284 1
17 284 1
11 285 1
29 285 1
9 285 1
43 285 1
18 285 1
3 285 1
23 285 1
33 285 1
9 286 1
9 287 1
11 288 1
52 288 1
9 289 1
11 290 1
11 291 1
29 292 1
4 293 1
19 293 1
24 294 1
11 294 1
29 294 1
4 294 1
52 294 1
9 294 1
18 294 1
12 294 1
10 294 1
3 294 1
11 295 1
9 295 1
3 295 1
33 295 1
0 296 1
24 296 1
4 296 1
57 296 1
9 296 1
7 296 1
10 296 1
3 296 1
56 296 1
4 297 1
63 297 1
9 297 1
18 297 1
12 297 1
3 297 1
11 298 1
7 299 1
55 299 1
1 299 1
46 299 1
27 299 1
3 299 1
27 300 1
11 301 1
29 301 1
3 301 1
59 302 1
11 303 1
16 303 1
9 304 1
11 305 1
3 305 1
11 306 1
7 306 1
28 306 1
47 306 1
28 307 1
26 307 1
11 308 1
9 308 1
11 309 1
39 309 1
16 310 1
27 310 1
59 311 1
18 311 1
28 311 1
28 312 1
11 313 1
11 314 1
29 314 1
4 314 1
16 314 1
9 314 1
19 314 1
32 314 1
20 314 1
18 314 1
12 314 1
2 314 1
71 314 1
3 314 1
23 314 1
33 314 1
4 315 1
21 315 1
15 316 1
32 316 1
3 316 1
9 317 1
7 317 1
18 317 1
28 317 1
23 317 1
31 318 1
32 318 1
55 318 1
6 318 1
60 318 1
24 319 1
11 319 1
47 319 1
28 320 1
3 321 1
48 322 1
10 322 1
8 322 1
0 323 1
1 323 1
2 323 1
58 323 1
1 324 1
29 325 1
11 326 1
59 326 1
43 326 1
11 327 1
7 327 1
43 327 1
1 327 1
11 328 1
11 329 1
6 329 1
10 329 1
3 329 1
35 329 1
11 330 1
16 330 1
9 330 1
21 330 1
23 330 1
52 331 1
27 332 1
28 333 1
72 334 1
30 334 1
11 335 1
52 335 1
7 335 1
43 335 1
12 335 1
1 335 1
17 335 1
26 335 1
11 336 1
9 336 1
28 336 1
27 336 1
41 336 1
29 337 1
11 338 1
11 339 1
24 340 1
28 340 1
27 341 1
4 342 1
9 343 1
12 343 1
51 343 1
13 343 1
1 344 1
17 345 1
11 346 1
9 346 1
3 346 1
5 347 1
73 348 1
28 349 1
27 349 1
11 350 1
9 350 1
12 350 1
0 351 1
24 351 1
34 351 1
16 351 1
37 351 1
31 351 1
9 351 1
7 351 1
32 351 1
18 351 1
25 351 1
28 351 1
12 351 1
2 351 1
73 351 1
46 351 1
17 351 1
3 351 1
41 351 1
23 351 1
13 351 1
37 352 1
28 352 1
9 353 1
27 354 1
20 355 1
34 356 1
28 356 1
28 357 1
9 358 1
27 358 1
74 358 1
9 359 1
50 360 1
7 361 1
11 362 1
65 363 1
11 363 1
39 363 1
16 363 1
9 363 1
70 363 1
12 363 1
11 364 1
3 365 1
24 366 1
59 366 1
7 367 1
70 367 1
11 368 1
9 368 1
54 368 1
7 368 1
59 368 1
43 368 1
48 368 1
12 368 1
2 368 1
46 368 1
51 368 1
3 368 1
33 368 1
13 368 1
46 369 1
28 370 1
9 371 1
16 372 1
18 373 1
28 374 1
73 374 1
26 374 1
24 375 1
11 375 1
9 375 1
10 375 1
3 375 1
21 375 1
24 376 1
11 376 1
29 376 1
4 376 1
9 376 1
19 376 1
32 376 1
48 376 1
18 376 1
12 376 1
51 376 1
3 376 1
33 376 1
0 377 1
11 377 1
75 377 1
39 377 1
4 377 1
34 377 1
9 377 1
32 377 1
43 377 1
20 377 1
18 377 1
1 377 1
17 377 1
3 377 1
23 377 1
33 377 1
11 378 1
9 378 1
50 379 1
47 379 1
24 380 1
9 380 1
76 380 1
19 380 1
53 380 1
59 380 1
43 380 1
44 380 1
28 380 1
73 380 1
27 380 1
77 380 1
3 380 1
24 381 1
11 381 1
4 381 1
9 381 1
68 381 1
19 381 1
7 381 1
43 381 1
70 381 1
18 381 1
25 381 1
5 381 1
10 381 1
3 381 1
35 381 1
41 381 1
13 381 1
9 382 1
3 382 1
21 382 1
11 383 1
11 384 1
4 384 1
7 384 1
1 384 1
13 384 1
24 385 1
59 385 1
27 385 1
3 385 1
35 385 1
21 385 1
11 386 1
27 387 1
65 388 1
0 388 1
24 388 1
39 388 1
25 388 1
1 388 1
27 388 1
10 388 1
71 388 1
3 388 1
33 388 1
56 388 1
78 388 1
11 389 1
0 390 1
24 390 1
11 390 1
34 390 1
9 390 1
7 390 1
32 390 1
59 390 1
43 390 1
70 390 1
48 390 1
1 390 1
10 390 1
11 391 1
28 392 1
11 393 1
11 394 1
25 394 1
73 394 1
46 394 1
52 395 1
9 395 1
12 395 1
1 395 1
2 395 1
17 395 1
0 396 1
45 396 1
34 396 1
43 396 1
20 396 1
64 396 1
33 396 1
51 397 1
4 398 1
19 398 1
79 398 1
51 398 1
3 398 1
78 398 1
28 399 1
9 400 1
28 401 1
10 401 1
50 402 1
11 402 1
29 402 1
63 402 1
16 402 1
31 402 1
28 402 1
27 402 1
41 402 1
23 402 1
24 403 1
28 403 1
0 404 1
34 404 1
9 404 1
18 404 1
1 404 1
2 404 1
46 404 1
3 404 1
69 404 1
42 404 1
23 404 1
33 404 1
25 405 1
28 405 1
28 406 1
11 407 1
11 408 1
36 408 1
46 408 1
27 408 1
9 409 1
18 409 1
0 410 1
11 411 1
14 411 1
11 412 1
9 413 1
36 414 1
26 414 1
11 415 1
39 415 1
4 415 1
9 415 1
43 415 1
11 416 1
5 416 1
3 416 1
18 417 1
46 417 1
9 418 1
19 418 1
9 419 1
8 419 1
41 419 1
11 420 1
27 421 1
29 422 1
21 422 1
24 423 1
3 423 1
42 423 1
4 424 1
11 425 1
39 425 1
9 425 1
59 425 1
18 425 1
12 425 1
27 425 1
3 425 1
23 425 1
11 426 1
4 426 1
59 426 1
3 426 1
13 427 1
11 428 1
9 428 1
46 428 1
0 429 1
11 429 1
29 429 1
31 429 1
9 429 1
54 429 1
32 429 1
43 429 1
44 429 1
18 429 1
12 429 1
1 429 1
2 429 1
10 429 1
3 429 1
13 429 1
9 430 1
68 430 1
28 430 1
33 430 1
18 431 1
21 431 1
11 432 1
9 432 1
18 432 1
3 432 1
37 433 1
27 433 1
9 434 1
11 435 1
9 436 1
19 436 1
7 436 1
21 436 1
29 437 1
39 437 1
63 437 1
9 437 1
18 437 1
80 437 1
21 437 1
56 437 1
43 438 1
7 439 1
9 440 1
11 441 1
4 441 1
32 441 1
18 441 1
25 441 1
3 441 1
11 442 1
59 442 1
11 443 1
9 443 1
7 443 1
24 444 1
45 445 1
9 445 1
7 445 1
28 445 1
0 446 1
76 446 1
19 446 1
54 446 1
60 446 1
2 446 1
46 446 1
5 446 1
51 446 1
3 446 1
21 446 1
13 446 1
20 447 1
10 447 1
58 447 1
11 448 1
12 448 1
51 448 1
9 449 1
11 450 1
29 450 1
9 450 1
43 450 1
36 450 1
55 450 1
50 451 1
11 451 1
9 451 1
7 451 1
44 451 1
20 451 1
55 451 1
18 451 1
1 451 1
10 451 1
51 451 1
3 451 1
24 452 1
11 452 1
29 452 1
39 452 1
4 452 1
34 452 1
9 452 1
19 452 1
43 452 1
12 452 1
1 452 1
2 452 1
27 452 1
71 452 1
3 452 1
23 452 1
33 452 1
11 453 1
52 453 1
55 453 1
27 453 1
24 454 1
11 454 1
4 454 1
52 454 1
9 454 1
68 454 1
43 454 1
67 454 1
12 454 1
1 454 1
17 454 1
3 454 1
23 454 1
33 454 1
13 454 1
12 455 1
11 456 1
29 456 1
9 456 1
7 456 1
25 456 1
17 456 1
8 456 1
65 457 1
19 457 1
18 457 1
33 457 1
57 458 1
1 458 1
24 459 1
11 459 1
9 459 1
12 459 1
47 459 1
11 460 1
39 460 1
9 460 1
12 460 1
3 460 1
11 461 1
43 461 1
36 461 1
12 461 1
9 462 1
3 462 1
34 463 1
9 463 1
1 463 1
21 463 1
13 463 1
56 463 1
54 464 1
7 464 1
28 464 1
26 464 1
0 465 1
11 465 1
45 465 1
4 465 1
44 465 1
25 465 1
12 465 1
47 465 1
3 465 1
16 466 1
7 466 1
3 466 1
24 467 1
11 467 1
9 467 1
19 467 1
7 467 1
3 467 1
0 468 1
4 468 1
9 468 1
46 468 1
47 468 1
21 468 1
56 468 1
29 469 1
17 470 1
73 471 1
3 472 1
34 473 1
31 473 1
1 473 1
46 473 1
47 473 1
3 473 1
67 474 1
28 474 1
73 474 1
81 474 1
23 474 1
26 474 1
24 475 1
19 475 1
3 475 1
50 476 1
24 476 1
29 476 1
4 476 1
19 476 1
18 476 1
3 476 1
35 476 1
3 477 1
11 478 1
19 478 1
7 478 1
23 479 1
68 480 1
19 480 1
9 481 1
11 482 1
11 483 1
9 483 1
11 484 1
9 484 1
54 484 1
50 485 1
24 485 1
11 485 1
9 485 1
18 485 1
10 485 1
11 486 1
19 487 1
7 487 1
18 487 1
12 487 1
7 488 1
63 489 1
9 489 1
19 489 1
18 489 1
28 489 1
7 490 1
55 490 1
12 490 1
24 491 1
11 491 1
9 491 1
19 491 1
18 491 1
1 491 1
46 491 1
17 491 1
10 491 1
3 491 1
23 491 1
11 492 1
9 492 1
24 493 1
4 493 1
3 493 1
19 494 1
3 494 1
28 495 1
11 496 1
57 496 1
9 496 1
27 496 1
13 496 1
37 497 1
9 497 1
70 497 1
11 498 1
59 498 1
12 498 1
23 499 1
59 500 1
58 501 1
50 502 1
24 502 1
45 502 1
4 502 1
9 502 1
82 502 1
18 502 1
49 502 1
12 502 1
46 502 1
47 502 1
10 502 1
77 502 1
3 502 1
83 502 1
33 502 1
65 503 1
0 503 1
50 503 1
24 503 1
11 503 1
84 503 1
4 503 1
85 503 1
34 503 1
57 503 1
31 503 1
9 503 1
68 503 1
19 503 1
53 503 1
70 503 1
44 503 1
48 503 1
18 503 1
49 503 1
6 503 1
25 503 1
28 503 1
12 503 1
1 503 1
2 503 1
47 503 1
80 503 1
27 503 1
10 503 1
8 503 1
71 503 1
3 503 1
21 503 1
41 503 1
83 503 1
42 503 1
23 503 1
33 503 1
13 503 1
56 503 1
11 504 1
86 505 1
9 506 1
32 506 1
23 507 1
11 508 1
52 508 1
33 509 1
34 510 1
1 510 1
24 511 1
11 511 1
29 511 1
4 511 1
34 511 1
16 511 1
9 511 1
43 511 1
48 511 1
20 511 1
18 511 1
12 511 1
1 511 1
2 511 1
27 511 1
8 511 1
21 511 1
41 511 1
83 511 1
23 511 1
33 511 1
9 512 1
11 513 1
5 514 1
9 515 1
24 516 1
11 516 1
29 516 1
16 516 1
9 516 1
19 516 1
12 516 1
1 516 1
10 516 1
3 516 1
9 517 1
18 518 1
11 519 1
29 519 1
24 520 1
11 520 1
29 520 1
9 520 1
43 520 1
46 520 1
3 520 1
27 521 1
9 522 1
17 523 1
24 524 1
11 524 1
43 524 1
12 524 1
3 524 1
23 524 1
33 524 1
59 525 1
12 526 1
11 527 1
3 527 1
4 528 1
19 528 1
12 528 1
33 528 1
9 529 1
2 529 1
58 529 1
3 529 1
33 529 1
13 529 1
56 529 1
11 530 1
45 530 1
4 530 1
9 530 1
19 530 1
32 530 1
18 530 1
10 530 1
3 531 1
7 532 1
24 533 1
11 534 1
23 534 1
24 535 1
39 535 1
28 536 1
39 537 1
9 537 1
18 537 1
49 537 1
3 537 1
24 538 1
0 539 1
50 539 1
24 539 1
11 539 1
29 539 1
39 539 1
4 539 1
34 539 1
57 539 1
9 539 1
68 539 1
76 539 1
19 539 1
53 539 1
32 539 1
43 539 1
48 539 1
79 539 1
18 539 1
6 539 1
87 539 1
25 539 1
12 539 1
2 539 1
73 539 1
81 539 1
46 539 1
5 539 1
47 539 1
17 539 1
10 539 1
77 539 1
71 539 1
3 539 1
69 539 1
42 539 1
33 539 1
13 539 1
39 540 1
11 541 1
16 541 1
9 541 1
51 541 1
3 541 1
1 542 1
11 543 1
28 543 1
3 543 1
11 544 1
4 544 1
12 544 1
7 545 1
7 546 1
7 547 1
24 548 1
11 548 1
4 548 1
16 548 1
9 548 1
7 548 1
44 548 1
6 548 1
12 548 1
1 548 1
46 548 1
27 548 1
3 548 1
23 548 1
56 548 1
0 549 1
11 549 1
4 549 1
16 549 1
9 549 1
82 549 1
79 549 1
28 549 1
8 549 1
3 549 1
21 549 1
62 549 1
29 550 1
39 551 1
61 551 1
3 551 1
11 552 1
9 552 1
19 552 1
21 552 1
13 552 1
43 553 1
33 554 1
0 555 1
84 555 1
39 555 1
4 555 1
9 555 1
53 555 1
18 555 1
12 555 1
10 555 1
14 555 1
3 555 1
11 556 1
11 557 1
9 557 1
7 557 1
11 558 1
11 559 1
34 559 1
57 559 1
37 559 1
7 559 1
59 559 1
18 559 1
1 559 1
3 559 1
23 559 1
0 560 1
24 560 1
11 560 1
29 560 1
4 560 1
34 560 1
16 560 1
31 560 1
52 560 1
9 560 1
68 560 1
54 560 1
32 560 1
59 560 1
43 560 1
70 560 1
20 560 1
36 560 1
55 560 1
18 560 1
6 560 1
25 560 1
28 560 1
12 560 1
46 560 1
5 560 1
17 560 1
27 560 1
10 560 1
3 560 1
35 560 1
21 560 1
41 560 1
23 560 1
33 560 1
13 560 1
9 561 1
19 561 1
23 561 1
11 562 1
39 562 1
31 562 1
12 562 1
2 562 1
3 562 1
9 563 1
0 564 1
11 564 1
4 564 1
57 564 1
7 564 1
59 564 1
43 564 1
70 564 1
12 564 1
17 564 1
10 564 1
3 564 1
11 565 1
32 565 1
18 565 1
3 565 1
28 566 1
24 567 1
11 567 1
4 567 1
15 567 1
16 567 1
31 567 1
20 567 1
1 567 1
17 567 1
10 567 1
3 567 1
24 568 1
11 568 1
39 568 1
19 568 1
43 568 1
25 568 1
12 568 1
2 568 1
73 568 1
17 568 1
10 568 1
3 568 1
35 568 1
42 568 1
33 568 1
13 568 1
11 569 1
57 569 1
9 569 1
7 569 1
18 569 1
46 569 1
3 569 1
21 569 1
41 569 1
27 570 1
9 571 1
8 571 1
25 572 1
12 572 1
22 573 1
4 573 1
16 573 1
9 573 1
7 573 1
49 573 1
25 573 1
46 573 1
3 573 1
23 573 1
11 574 1
11 575 1
43 576 1
9 577 1
12 577 1
11 578 1
45 579 1
11 580 1
9 580 1
43 580 1
18 580 1
3 580 1
0 581 1
24 581 1
11 581 1
4 581 1
32 581 1
12 581 1
10 581 1
3 581 1
33 581 1
3 582 1
29 583 1
9 584 1
1 584 1
17 584 1
21 584 1
23 584 1
11 585 1
29 585 1
59 585 1
43 585 1
36 585 1
24 586 1
9 586 1
60 586 1
12 586 1
4 587 1
70 587 1
18 587 1
1 587 1
23 587 1
51 588 1
27 589 1
9 590 1
18 590 1
2 590 1
3 590 1
28 591 1
14 591 1
26 591 1
11 592 1
9 592 1
62 592 1
33 592 1
4 593 1
9 593 1
18 593 1
12 593 1
46 593 1
3 593 1
42 593 1
33 593 1
13 593 1
11 594 1
0 595 1
11 595 1
43 595 1
18 595 1
17 595 1
27 595 1
3 595 1
13 595 1
25 596 1
28 596 1
51 596 1
41 596 1
9 597 1
27 597 1
11 598 1
9 598 1
5 598 1
0 599 1
11 599 1
9 599 1
7 599 1
32 599 1
48 599 1
36 599 1
3 599 1
42 599 1
23 599 1
9 600 1
23 600 1
17 601 1
88 601 1
9 602 1
43 603 1
3 603 1
3 604 1
11 605 1
12 605 1
27 605 1
9 606 1
18 606 1
3 606 1
9 607 1
19 607 1
11 608 1
24 609 1
16 609 1
31 609 1
9 609 1
7 609 1
18 609 1
1 609 1
46 609 1
47 609 1
23 609 1
13 609 1
56 609 1
50 610 1
11 610 1
3 611 1
51 612 1
9 613 1
18 613 1
0 614 1
24 614 1
11 614 1
16 614 1
31 614 1
9 614 1
11 615 1
11 616 1
4 617 1
34 617 1
7 617 1
32 617 1
28 617 1
46 617 1
41 617 1
9 618 1
21 618 1
9 619 1
11 620 1
72 621 1
89 621 1
27 621 1
43 622 1
46 623 1
3 624 1
69 624 1
0 625 1
11 625 1
34 625 1
57 625 1
31 625 1
9 625 1
1 625 1
2 625 1
17 625 1
10 625 1
3 625 1
65 626 1
11 626 1
29 626 1
4 626 1
9 626 1
76 626 1
19 626 1
43 626 1
28 626 1
12 626 1
1 626 1
46 626 1
3 626 1
21 626 1
41 626 1
26 626 1
24 627 1
45 627 1
9 627 1
7 627 1
17 627 1
3 627 1
35 627 1
3 628 1
11 629 1
4 629 1
20 629 1
18 629 1
12 629 1
3 629 1
28 630 1
59 631 1
46 632 1
24 633 1
75 633 1
90 633 1
34 633 1
63 633 1
19 633 1
54 633 1
59 633 1
43 633 1
44 633 1
91 633 1
18 633 1
28 633 1
1 633 1
2 633 1
73 633 1
92 633 1
93 633 1
27 633 1
51 633 1
77 633 1
94 633 1
41 633 1
56 633 1
26 633 1
59 634 1
39 635 1
23 635 1
3 636 1
4 637 1
9 637 1
4 638 1
16 638 1
9 638 1
7 638 1
18 638 1
49 638 1
46 638 1
3 638 1
23 638 1
56 638 1
11 639 1
19 639 1
43 639 1
28 639 1
33 639 1
26 639 1
24 640 1
75 640 1
9 640 1
7 640 1
10 640 1
6 641 1
21 641 1
9 642 1
17 642 1
3 642 1
28 643 1
9 644 1
21 644 1
9 645 1
11 646 1
4 646 1
90 646 1
19 646 1
59 646 1
36 646 1
18 646 1
51 646 1
23 646 1
13 646 1
78 646 1
9 647 1
9 648 1
28 649 1
50 650 1
11 650 1
41 650 1
24 651 1
24 652 1
4 652 1
9 652 1
19 652 1
18 652 1
28 652 1
73 652 1
3 652 1
9 653 1
7 653 1
25 654 1
27 654 1
51 654 1
24 655 1
11 655 1
29 655 1
4 655 1
16 655 1
55 655 1
1 655 1
17 655 1
10 655 1
3 655 1
35 655 1
21 655 1
62 655 1
33 655 1
9 656 1
19 656 1
47 656 1
41 656 1
24 657 1
11 657 1
4 657 1
7 657 1
46 657 1
27 657 1
3 657 1
27 658 1
27 659 1
26 659 1
11 660 1
12 660 1
9 661 1
7 662 1
11 663 1
9 663 1
43 663 1
42 663 1
33 663 1
11 664 1
9 664 1
45 665 1
13 665 1
24 666 1
11 666 1
45 666 1
63 666 1
16 666 1
37 666 1
12 666 1
46 666 1
51 666 1
3 666 1
21 666 1
24 667 1
11 667 1
39 667 1
4 667 1
9 667 1
53 667 1
46 667 1
3 667 1
9 668 1
21 669 1
11 670 1
7 671 1
46 671 1
24 672 1
11 672 1
37 672 1
9 672 1
18 672 1
49 672 1
28 672 1
12 672 1
1 672 1
3 672 1
35 672 1
41 672 1
62 672 1
33 672 1
50 673 1
24 673 1
11 673 1
4 673 1
34 673 1
16 673 1
9 673 1
18 673 1
25 673 1
12 673 1
46 673 1
27 673 1
10 673 1
8 673 1
3 673 1
35 673 1
28 674 1
11 675 1
11 676 1
9 676 1
7 676 1
59 676 1
28 676 1
51 676 1
9 677 1
11 678 1
11 679 1
43 679 1
24 680 1
9 680 1
44 680 1
18 680 1
1 680 1
46 680 1
10 680 1
3 680 1
29 681 1
9 681 1
53 681 1
47 681 1
51 681 1
3 681 1
68 682 1
54 682 1
0 683 1
11 683 1
9 683 1
70 683 1
28 683 1
21 683 1
7 684 1
18 685 1
2 685 1
3 685 1
19 686 1
7 686 1
59 686 1
1 686 1
46 686 1
17 686 1
3 686 1
21 686 1
23 686 1
26 686 1
27 687 1
28 688 1
24 689 1
23 690 1
24 691 1
11 691 1
29 691 1
4 691 1
9 691 1
7 691 1
32 691 1
12 691 1
46 691 1
47 691 1
27 691 1
10 691 1
3 691 1
32 692 1
0 693 1
11 693 1
22 693 1
31 693 1
9 693 1
19 693 1
43 693 1
18 693 1
67 693 1
12 693 1
17 693 1
3 693 1
62 693 1
26 693 1
11 694 1
52 694 1
70 694 1
18 694 1
46 694 1
3 694 1
23 694 1
18 695 1
40 696 1
31 697 1
52 697 1
9 698 1
28 698 1
27 698 1
11 699 1
0 700 1
57 700 1
9 700 1
12 700 1
27 700 1
10 700 1
11 701 1
39 702 1
9 702 1
43 702 1
3 702 1
42 702 1
28 703 1
11 704 1
4 704 1
9 704 1
32 704 1
18 704 1
47 704 1
3 704 1
45 705 1
57 705 1
19 705 1
48 705 1
19 706 1
17 706 1
9 707 1
29 708 1
0 709 1
29 709 1
34 709 1
63 709 1
7 709 1
43 709 1
20 709 1
8 709 1
3 709 1
42 709 1
23 709 1
72 710 1
7 711 1
28 711 1
28 712 1
65 713 1
0 713 1
11 713 1
29 713 1
4 713 1
15 713 1
34 713 1
57 713 1
31 713 1
52 713 1
68 713 1
54 713 1
7 713 1
32 713 1
70 713 1
20 713 1
36 713 1
55 713 1
28 713 1
12 713 1
1 713 1
2 713 1
46 713 1
80 713 1
8 713 1
58 713 1
3 713 1
42 713 1
62 713 1
13 713 1
56 713 1
0 714 1
24 714 1
11 714 1
95 714 1
84 714 1
9 714 1
12 714 1
3 714 1
62 714 1
11 715 1
27 715 1
11 716 1
29 716 1
45 716 1
23 716 1
19 717 1
43 717 1
50 718 1
24 718 1
11 718 1
29 718 1
4 718 1
16 718 1
9 718 1
19 718 1
7 718 1
32 718 1
43 718 1
48 718 1
20 718 1
82 718 1
79 718 1
18 718 1
6 718 1
25 718 1
28 718 1
12 718 1
1 718 1
81 718 1
46 718 1
47 718 1
17 718 1
10 718 1
51 718 1
3 718 1
30 718 1
35 718 1
21 718 1
41 718 1
42 718 1
33 718 1
13 718 1
26 718 1
11 719 1
9 719 1
43 719 1
36 719 1
25 719 1
12 719 1
17 719 1
71 719 1
42 719 1
33 719 1
13 719 1
27 720 1
7 721 1
23 721 1
28 722 1
72 723 1
16 723 1
27 723 1
7 724 1
43 724 1
6 724 1
46 724 1
41 724 1
23 724 1
78 725 1
28 726 1
11 727 1
34 727 1
52 727 1
7 727 1
32 727 1
36 727 1
12 727 1
3 727 1
42 727 1
33 727 1
13 727 1
56 727 1
0 728 1
11 728 1
29 728 1
34 728 1
52 728 1
9 728 1
54 728 1
59 728 1
18 728 1
1 728 1
17 728 1
14 728 1
3 728 1
21 728 1
42 728 1
54 729 1
25 729 1
9 730 1
68 730 1
25 730 1
35 730 1
41 730 1
50 731 1
24 731 1
11 731 1
16 731 1
31 731 1
76 731 1
43 731 1
6 731 1
12 731 1
46 731 1
47 731 1
10 731 1
14 731 1
3 731 1
35 731 1
41 731 1
7 732 1
11 733 1
25 734 1
28 734 1
18 735 1
9 736 1
18 736 1
46 736 1
10 736 1
11 737 1
11 738 1
4 738 1
16 738 1
31 738 1
52 738 1
19 738 1
7 738 1
32 738 1
59 738 1
44 738 1
20 738 1
12 738 1
1 738 1
46 738 1
10 738 1
3 738 1
41 738 1
13 738 1
78 738 1
11 739 1
16 739 1
19 739 1
59 739 1
18 739 1
49 739 1
51 739 1
13 739 1
78 739 1
50 740 1
11 740 1
29 740 1
43 740 1
36 740 1
28 740 1
12 740 1
73 740 1
46 740 1
10 740 1
25 741 1
11 742 1
29 742 1
9 742 1
3 742 1
33 742 1
24 743 1
72 743 1
11 743 1
95 743 1
29 743 1
45 743 1
4 743 1
90 743 1
34 743 1
63 743 1
31 743 1
9 743 1
68 743 1
76 743 1
19 743 1
40 743 1
7 743 1
59 743 1
43 743 1
70 743 1
36 743 1
55 743 1
28 743 1
12 743 1
1 743 1
2 743 1
73 743 1
17 743 1
80 743 1
27 743 1
10 743 1
3 743 1
30 743 1
35 743 1
21 743 1
41 743 1
62 743 1
13 743 1
56 743 1
88 743 1
24 744 1
11 744 1
9 744 1
1 744 1
46 744 1
17 744 1
3 744 1
24 745 1
9 745 1
18 746 1
0 747 1
9 747 1
13 747 1
24 748 1
11 748 1
9 748 1
59 748 1
12 748 1
12 749 1
46 749 1
9 750 1
28 750 1
27 750 1
78 751 1
7 752 1
50 753 1
4 753 1
7 754 1
10 754 1
9 755 1
55 755 1
27 755 1
24 756 1
31 756 1
9 756 1
68 756 1
76 756 1
19 756 1
43 756 1
18 756 1
46 756 1
42 756 1
62 756 1
3 757 1
11 758 1
39 758 1
9 758 1
68 758 1
59 758 1
70 758 1
12 758 1
14 758 1
3 758 1
33 758 1
13 758 1
50 759 1
9 759 1
18 759 1
9 760 1
9 761 1
19 761 1
23 761 1
13 761 1
9 762 1
14 762 1
3 762 1
7 763 1
18 763 1
23 763 1
54 764 1
7 764 1
30 764 1
12 765 1
9 766 1
6 767 1
27 767 1
24 768 1
7 768 1
27 769 1
26 769 1
11 770 1
17 770 1
23 770 1
24 771 1
11 771 1
39 771 1
4 771 1
34 771 1
31 771 1
9 771 1
68 771 1
20 771 1
18 771 1
28 771 1
1 771 1
46 771 1
47 771 1
3 771 1
33 771 1
50 772 1
24 772 1
11 772 1
9 772 1
6 772 1
12 772 1
27 772 1
10 772 1
3 772 1
9 773 1
24 774 1
21 774 1
11 775 1
4 775 1
16 775 1
31 775 1
32 775 1
10 775 1
23 775 1
24 776 1
10 776 1
11 777 1
29 777 1
9 777 1
43 777 1
3 777 1
43 778 1
27 779 1
0 780 1
39 780 1
9 780 1
7 780 1
3 780 1
41 780 1
11 781 1
11 782 1
9 782 1
36 782 1
1 782 1
9 783 1
28 784 1
3 784 1
46 785 1
27 785 1
3 785 1
43 786 1
11 787 1
9 788 1
3 788 1
7 789 1
25 790 1
28 790 1
73 790 1
10 790 1
51 790 1
35 790 1
26 790 1
11 791 1
9 791 1
18 791 1
29 792 1
40 792 1
59 792 1
43 792 1
28 792 1
11 793 1
29 793 1
32 793 1
43 793 1
18 793 1
12 793 1
14 793 1
3 793 1
62 793 1
0 794 1
11 794 1
9 794 1
7 794 1
20 794 1
23 794 1
33 794 1
13 794 1
11 795 1
29 795 1
19 795 1
36 795 1
55 795 1
46 795 1
10 795 1
3 795 1
21 796 1
11 797 1
34 797 1
9 797 1
59 797 1
18 797 1
28 797 1
46 797 1
41 797 1
9 798 1
27 799 1
50 800 1
9 801 1
18 801 1
12 801 1
11 802 1
39 802 1
15 802 1
9 802 1
54 802 1
43 802 1
96 802 1
0 803 1
11 803 1
29 803 1
52 803 1
9 803 1
43 803 1
36 803 1
18 803 1
12 803 1
1 803 1
3 803 1
23 803 1
33 803 1
1 804 1
27 805 1
24 806 1
11 806 1
39 806 1
43 806 1
5 806 1
3 806 1
27 807 1
16 808 1
9 808 1
59 808 1
18 808 1
46 808 1
51 808 1
3 808 1
21 808 1
78 809 1
24 810 1
11 810 1
84 810 1
4 810 1
15 810 1
9 810 1
7 810 1
59 810 1
48 810 1
36 810 1
18 810 1
10 810 1
33 810 1
13 810 1
56 810 1
28 811 1
93 811 1
24 812 1
39 812 1
9 812 1
19 812 1
7 812 1
43 812 1
12 812 1
3 812 1
23 812 1
11 813 1
29 813 1
9 813 1
59 813 1
25 813 1
10 813 1
3 813 1
9 814 1
29 815 1
50 816 1
46 816 1
47 816 1
41 816 1
28 817 1
27 817 1
9 818 1
0 819 1
29 819 1
52 819 1
8 819 1
0 820 1
24 820 1
11 820 1
4 820 1
34 820 1
16 820 1
31 820 1
9 820 1
7 820 1
44 820 1
6 820 1
25 820 1
28 820 1
12 820 1
46 820 1
5 820 1
27 820 1
10 820 1
3 820 1
86 820 1
23 820 1
13 820 1
9 821 1
3 821 1
28 822 1
27 822 1
28 823 1
0 824 1
11 824 1
9 824 1
70 824 1
28 824 1
2 824 1
58 824 1
3 825 1
1 826 1
11 827 1
43 827 1
12 827 1
3 827 1
27 828 1
46 829 1
23 830 1
11 831 1
28 832 1
46 833 1
13 834 1
11 835 1
4 835 1
9 835 1
76 835 1
32 835 1
46 835 1
3 835 1
23 835 1
18 836 1
21 837 1
0 838 1
24 838 1
11 838 1
9 838 1
12 838 1
5 838 1
3 838 1
21 838 1
13 838 1
26 838 1
9 839 1
9 840 1
68 840 1
0 841 1
11 841 1
31 841 1
9 841 1
68 841 1
28 841 1
12 841 1
2 841 1
3 841 1
42 841 1
56 841 1
27 842 1
24 843 1
9 843 1
3 843 1
30 844 1
27 845 1
28 846 1
11 847 1
11 848 1
21 848 1
33 848 1
24 849 1
11 849 1
39 849 1
4 849 1
9 849 1
76 849 1
28 849 1
46 849 1
3 849 1
21 849 1
27 850 1
9 851 1
11 852 1
7 852 1
3 852 1
21 852 1
24 853 1
46 854 1
23 854 1
26 854 1
19 855 1
68 856 1
1 856 1
14 856 1
3 856 1
78 856 1
11 857 1
4 857 1
9 857 1
28 857 1
10 857 1
51 857 1
3 857 1
21 858 1
24 859 1
11 859 1
16 859 1
9 859 1
28 860 1
49 861 1
11 862 1
59 862 1
57 863 1
3 863 1
11 864 1
9 865 1
25 865 1
46 865 1
10 865 1
3 865 1
23 865 1
28 866 1
11 867 1
46 868 1
27 868 1
52 869 1
19 869 1
73 870 1
11 871 1
8 872 1
11 873 1
11 874 1
9 874 1
46 875 1
59 876 1
26 876 1
50 877 1
3 877 1
9 878 1
7 878 1
3 878 1
24 879 1
1 879 1
0 880 1
11 881 1
31 881 1
28 881 1
1 881 1
46 881 1
27 881 1
41 881 1
23 881 1
29 882 1
43 882 1
9 883 1
9 884 1
8 884 1
24 885 1
27 885 1
28 886 1
1 886 1
27 886 1
41 886 1
11 887 1
39 888 1
9 888 1
10 889 1
9 890 1
27 891 1
7 892 1
11 893 1
29 893 1
32 893 1
59 893 1
23 893 1
28 894 1
28 895 1
29 896 1
12 896 1
3 896 1
17 897 1
11 898 1
9 898 1
12 898 1
28 899 1
97 900 1
24 901 1
11 901 1
9 901 1
3 901 1
7 902 1
9 903 1
24 904 1
11 904 1
28 904 1
28 905 1
18 906 1
9 907 1
55 907 1
18 907 1
12 907 1
21 907 1
24 908 1
57 908 1
16 908 1
31 908 1
9 908 1
7 908 1
55 908 1
46 908 1
17 908 1
8 908 1
3 908 1
56 908 1
78 908 1
27 909 1
24 910 1
27 910 1
98 911 1
9 912 1
11 913 1
9 914 1
18 914 1
46 915 1
3 915 1
45 916 1
0 917 1
17 918 1
28 919 1
57 920 1
9 920 1
19 920 1
42 920 1
99 920 1
33 920 1
13 920 1
24 921 1
11 921 1
4 921 1
16 921 1
68 921 1
19 921 1
28 921 1
3 921 1
21 921 1
41 921 1
11 922 1
43 923 1
29 924 1
39 924 1
9 924 1
79 924 1
18 924 1
3 924 1
23 924 1
56 924 1
27 925 1
29 926 1
4 926 1
31 926 1
9 926 1
43 926 1
36 926 1
12 926 1
11 927 1
9 927 1
19 927 1
32 927 1
3 927 1
11 928 1
7 928 1
27 928 1
23 928 1
11 929 1
9 930 1
6 931 1
7 932 1
11 933 1
7 934 1
9 935 1
26 935 1
50 936 1
29 937 1
1 937 1
17 937 1
33 937 1
19 938 1
1 938 1
21 938 1
27 939 1
9 940 1
18 940 1
41 940 1
9 941 1
7 942 1
11 943 1
34 943 1
9 943 1
25 943 1
28 943 1
1 943 1
28 944 1
51 945 1
9 946 1
4 947 1
5 947 1
33 947 1
11 948 1
7 948 1
11 949 1
59 949 1
12 949 1
28 950 1
11 951 1
34 951 1
16 951 1
7 952 1
9 953 1
9 954 1
9 955 1
28 955 1
12 955 1
27 955 1
26 955 1
12 956 1
10 956 1
21 956 1
0 957 1
39 957 1
9 957 1
55 957 1
18 957 1
25 957 1
8 957 1
3 957 1
88 958 1
11 959 1
11 960 1
7 960 1
9 961 1
19 961 1
18 961 1
28 962 1
17 962 1
37 963 1
24 964 1
28 964 1
12 964 1
23 965 1
27 966 1
29 967 1
11 968 1
3 968 1
21 969 1
0 970 1
29 970 1
45 970 1
4 970 1
9 970 1
19 970 1
79 970 1
18 970 1
2 970 1
46 970 1
3 970 1
42 970 1
99 970 1
33 970 1
3 971 1
11 972 1
9 972 1
29 973 1
1 973 1
3 973 1
4 974 1
9 974 1
55 974 1
6 974 1
28 975 1
11 976 1
29 976 1
3 976 1
49 977 1
33 978 1
11 979 1
30 980 1
59 981 1
9 982 1
65 983 1
13 983 1
24 984 1
11 985 1
41 986 1
28 987 1
11 988 1
9 988 1
18 988 1
17 988 1
28 989 1
27 989 1
9 990 1
21 990 1
59 991 1
18 992 1
24 993 1
11 993 1
9 993 1
55 993 1
18 993 1
3 993 1
9 994 1
9 995 1
9 996 1
29 997 1
32 997 1
12 997 1
33 997 1
9 998 1
46 998 1
11 999 1
24 1000 1
18 1000 1
28 1000 1
17 1000 1
11 1001 1
9 1001 1
13 1001 1
88 1001 1
8 1002 1
7 1003 1
18 1003 1
3 1003 1
35 1003 1
43 1004 1
9 1005 1
3 1005 1
9 1006 1
11 1007 1
43 1007 1
11 1008 1
27 1008 1
11 1009 1
26 1010 1
11 1011 1
9 1011 1
27 1012 1
9 1013 1
59 1013 1
12 1013 1
21 1013 1
24 1014 1
11 1014 1
16 1014 1
9 1014 1
19 1014 1
32 1014 1
18 1014 1
3 1014 1
9 1015 1
27 1015 1
31 1016 1
52 1016 1
9 1016 1
1 1016 1
9 1017 1
69 1018 1
9 1019 1
23 1020 1
28 1021 1
28 1022 1
12 1022 1
55 1023 1
11 1024 1
17 1025 1
11 1026 1
29 1026 1
0 1027 1
11 1027 1
29 1027 1
34 1027 1
9 1027 1
32 1027 1
48 1027 1
25 1027 1
28 1027 1
12 1027 1
1 1027 1
2 1027 1
17 1027 1
3 1027 1
62 1027 1
33 1027 1
13 1027 1
15 1028 1
11 1029 1
11 1030 1
11 1031 1
16 1031 1
11 1032 1
36 1032 1
25 1032 1
8 1032 1
7 1033 1
11 1034 1
12 1035 1
84 1036 1
0 1037 1
50 1037 1
11 1037 1
84 1037 1
9 1037 1
19 1037 1
54 1037 1
7 1037 1
32 1037 1
59 1037 1
43 1037 1
44 1037 1
36 1037 1
79 1037 1
18 1037 1
12 1037 1
5 1037 1
27 1037 1
3 1037 1
33 1037 1
11 1038 1
22 1038 1
11 1039 1
19 1040 1
32 1040 1
18 1040 1
21 1040 1
16 1041 1
63 1042 1
11 1043 1
9 1043 1
29 1044 1
9 1044 1
43 1044 1
18 1044 1
12 1044 1
3 1044 1
47 1045 1
11 1046 1
11 1047 1
9 1047 1
18 1047 1
12 1047 1
9 1048 1
9 1049 1
11 1050 1
43 1050 1
36 1050 1
3 1050 1
25 1051 1
12 1052 1
34 1053 1
9 1053 1
3 1053 1
40 1054 1
56 1055 1
0 1056 1
11 1056 1
18 1056 1
13 1056 1
11 1057 1
9 1058 1
11 1059 1
9 1059 1
19 1059 1
10 1059 1
42 1059 1
23 1059 1
3 1060 1
41 1060 1
9 1061 1
18 1061 1
21 1061 1
69 1061 1
23 1061 1
9 1062 1
56 1063 1
9 1064 1
17 1064 1
9 1065 1
9 1066 1
9 1067 1
24 1068 1
11 1068 1
4 1068 1
9 1068 1
18 1068 1
12 1068 1
3 1068 1
35 1068 1
23 1069 1
11 1070 1
7 1071 1
11 1072 1
12 1072 1
9 1073 1
27 1073 1
11 1074 1
9 1074 1
28 1074 1
63 1075 1
12 1075 1
10 1075 1
11 1076 1
63 1077 1
9 1078 1
11 1079 1
9 1080 1
11 1081 1
9 1081 1
9 1082 1
11 1083 1
29 1083 1
9 1083 1
48 1083 1
33 1083 1
0 1084 1
11 1084 1
29 1084 1
45 1084 1
39 1084 1
4 1084 1
34 1084 1
9 1084 1
19 1084 1
43 1084 1
25 1084 1
12 1084 1
1 1084 1
2 1084 1
13 1084 1
11 1085 1
24 1086 1
29 1086 1
57 1086 1
12 1086 1
47 1086 1
10 1086 1
24 1087 1
11 1088 1
29 1089 1
23 1089 1
11 1090 1
11 1091 1
46 1092 1
21 1092 1
28 1093 1
43 1094 1
11 1095 1
24 1096 1
11 1096 1
4 1096 1
54 1096 1
7 1096 1
2 1096 1
3 1096 1
23 1096 1
27 1097 1
18 1098 1
9 1099 1
11 1100 1
18 1100 1
21 1100 1
11 1101 1
4 1101 1
9 1101 1
68 1101 1
32 1101 1
43 1101 1
36 1101 1
2 1101 1
3 1101 1
13 1101 1
29 1102 1
39 1102 1
4 1102 1
19 1102 1
32 1102 1
0 1103 1
34 1103 1
9 1103 1
68 1103 1
1 1103 1
2 1103 1
3 1103 1
33 1103 1
13 1103 1
1 1104 1
11 1105 1
1 1106 1
11 1107 1
9 1107 1
43 1107 1
12 1107 1
3 1107 1
9 1108 1
43 1108 1
3 1108 1
11 1109 1
29 1110 1
45 1110 1
9 1110 1
43 1110 1
9 1111 1
11 1112 1
47 1112 1
45 1113 1
9 1113 1
59 1113 1
47 1113 1
3 1113 1
21 1113 1
11 1114 1
70 1115 1
1 1115 1
11 1116 1
22 1116 1
9 1116 1
19 1116 1
59 1116 1
70 1116 1
1 1116 1
3 1116 1
39 1117 1
18 1117 1
12 1117 1
24 1118 1
11 1118 1
4 1118 1
19 1118 1
43 1118 1
18 1118 1
46 1118 1
17 1118 1
10 1118 1
3 1118 1
35 1118 1
72 1119 1
12 1119 1
3 1119 1
47 1120 1
57 1121 1
9 1121 1
47 1121 1
45 1122 1
3 1122 1
33 1122 1
27 1123 1
19 1124 1
18 1124 1
3 1124 1
21 1124 1
13 1124 1
9 1125 1
48 1125 1
65 1126 1
11 1126 1
3 1126 1
23 1126 1
0 1127 1
32 1127 1
3 1128 1
11 1129 1
27 1130 1
33 1131 1
4 1132 1
9 1132 1
43 1132 1
18 1132 1
46 1132 1
47 1132 1
3 1132 1
19 1133 1
25 1133 1
11 1134 1
16 1134 1
32 1134 1
50 1135 1
39 1135 1
4 1135 1
9 1135 1
43 1135 1
36 1135 1
18 1135 1
60 1135 1
46 1135 1
5 1135 1
3 1135 1
62 1135 1
12 1136 1
11 1137 1
9 1137 1
17 1137 1
11 1138 1
29 1138 1
39 1138 1
7 1138 1
43 1138 1
36 1138 1
1 1138 1
46 1138 1
3 1138 1
35 1138 1
62 1138 1
11 1139 1
38 1139 1
39 1139 1
9 1139 1
25 1139 1
12 1139 1
47 1139 1
61 1139 1
11 1140 1
29 1140 1
31 1140 1
9 1140 1
43 1140 1
46 1140 1
17 1140 1
10 1140 1
64 1140 1
3 1140 1
42 1140 1
39 1141 1
11 1142 1
9 1142 1
19 1142 1
32 1142 1
59 1142 1
44 1142 1
18 1142 1
1 1142 1
64 1142 1
3 1142 1
21 1142 1
13 1142 1
9 1143 1
9 1144 1
13 1144 1
24 1145 1
4 1145 1
15 1145 1
40 1145 1
7 1145 1
18 1145 1
25 1145 1
12 1145 1
46 1145 1
47 1145 1
3 1145 1
23 1145 1
33 1145 1
13 1145 1
13 1146 1
23 1147 1
11 1148 1
24 1149 1
11 1150 1
24 1151 1
11 1151 1
7 1151 1
32 1151 1
59 1151 1
43 1151 1
25 1151 1
17 1151 1
61 1151 1
40 1152 1
28 1152 1
3 1152 1
41 1152 1
13 1153 1
11 1154 1
44 1154 1
3 1154 1
13 1154 1
11 1155 1
39 1155 1
34 1155 1
57 1155 1
16 1155 1
52 1155 1
43 1155 1
44 1155 1
36 1155 1
28 1155 1
12 1155 1
2 1155 1
10 1155 1
7 1156 1
45 1157 1
4 1157 1
9 1157 1
7 1157 1
1 1157 1
2 1157 1
3 1157 1
42 1157 1
33 1157 1
13 1157 1
7 1158 1
19 1159 1
3 1159 1
11 1160 1
38 1160 1
16 1160 1
9 1160 1
60 1160 1
47 1160 1
27 1160 1
3 1160 1
32 1161 1
59 1162 1
18 1162 1
21 1162 1
24 1163 1
100 1164 1
24 1165 1
9 1165 1
41 1165 1
11 1166 1
24 1167 1
11 1167 1
9 1167 1
7 1167 1
18 1167 1
25 1167 1
28 1167 1
12 1167 1
27 1167 1
3 1167 1
21 1167 1
13 1167 1
59 1168 1
46 1168 1
59 1169 1
70 1169 1
11 1170 1
37 1171 1
12 1171 1
17 1171 1
3 1171 1
11 1172 1
45 1172 1
39 1172 1
2 1172 1
46 1172 1
47 1172 1
61 1172 1
42 1172 1
33 1172 1
11 1173 1
17 1173 1
11 1174 1
11 1175 1
4 1175 1
9 1175 1
43 1175 1
46 1175 1
3 1175 1
23 1175 1
9 1176 1
46 1176 1
3 1176 1
24 1177 1
11 1177 1
39 1177 1
4 1177 1
9 1177 1
19 1177 1
7 1177 1
43 1177 1
18 1177 1
25 1177 1
28 1177 1
12 1177 1
3 1177 1
33 1177 1
24 1178 1
11 1178 1
4 1178 1
9 1178 1
18 1178 1
56 1178 1
11 1179 1
54 1179 1
94 1180 1
9 1181 1
11 1182 1
4 1183 1
11 1184 1
21 1184 1
29 1185 1
9 1185 1
33 1185 1
65 1186 1
9 1186 1
19 1186 1
11 1187 1
11 1188 1
3 1189 1
24 1190 1
31 1190 1
9 1190 1
19 1190 1
43 1190 1
24 1191 1
9 1191 1
18 1191 1
6 1191 1
46 1191 1
27 1191 1
3 1191 1
41 1191 1
27 1192 1
26 1192 1
45 1193 1
9 1193 1
48 1193 1
10 1193 1
17 1194 1
11 1195 1
11 1196 1
52 1196 1
40 1196 1
59 1196 1
43 1196 1
36 1196 1
12 1196 1
46 1196 1
9 1197 1
11 1198 1
18 1198 1
50 1199 1
24 1199 1
11 1199 1
45 1199 1
39 1199 1
4 1199 1
31 1199 1
9 1199 1
68 1199 1
76 1199 1
19 1199 1
53 1199 1
7 1199 1
43 1199 1
48 1199 1
20 1199 1
18 1199 1
12 1199 1
1 1199 1
2 1199 1
5 1199 1
47 1199 1
10 1199 1
3 1199 1
21 1199 1
62 1199 1
33 1199 1
56 1199 1
37 1200 1
4 1201 1
16 1201 1
68 1201 1
19 1201 1
7 1201 1
32 1201 1
18 1201 1
3 1201 1
11 1202 1
43 1202 1
65 1203 1
29 1203 1
52 1203 1
9 1203 1
27 1203 1
3 1203 1
9 1204 1
11 1205 1
18 1205 1
3 1205 1
37 1206 1
29 1207 1
3 1207 1
43 1208 1
18 1208 1
9 1209 1
22 1210 1
9 1210 1
11 1211 1
19 1211 1
43 1211 1
5 1211 1
3 1211 1
34 1212 1
31 1212 1
9 1212 1
32 1212 1
3 1212 1
56 1212 1
9 1213 1
47 1214 1
1 1215 1
11 1216 1
52 1216 1
9 1216 1
43 1216 1
27 1216 1
54 1217 1
43 1217 1
47 1218 1
9 1219 1
59 1219 1
33 1219 1
24 1220 1
11 1220 1
16 1220 1
32 1220 1
3 1220 1
23 1220 1
11 1221 1
101 1221 1
31 1221 1
9 1221 1
82 1221 1
1 1221 1
56 1221 1
9 1222 1
16 1223 1
24 1224 1
11 1224 1
3 1224 1
0 1225 1
24 1225 1
4 1225 1
90 1225 1
19 1225 1
7 1225 1
32 1225 1
18 1225 1
25 1225 1
1 1225 1
3 1225 1
99 1225 1
11 1226 1
24 1227 1
16 1227 1
32 1227 1
47 1227 1
3 1227 1
11 1228 1
57 1228 1
1 1228 1
11 1229 1
43 1229 1
12 1229 1
11 1230 1
9 1230 1
11 1231 1
46 1231 1
2 1232 1
24 1233 1
11 1233 1
4 1233 1
9 1233 1
19 1233 1
43 1233 1
18 1233 1
6 1233 1
25 1233 1
2 1233 1
47 1233 1
3 1233 1
56 1233 1
11 1234 1
9 1234 1
43 1234 1
46 1234 1
28 1235 1
27 1235 1
0 1236 1
79 1236 1
34 1237 1
36 1237 1
55 1237 1
25 1237 1
17 1238 1
0 1239 1
57 1239 1
44 1239 1
18 1239 1
25 1239 1
28 1239 1
12 1239 1
1 1239 1
2 1239 1
46 1239 1
11 1240 1
29 1240 1
57 1240 1
9 1240 1
19 1240 1
54 1240 1
43 1240 1
20 1240 1
60 1240 1
5 1240 1
47 1240 1
10 1240 1
51 1240 1
42 1240 1
23 1240 1
13 1240 1
11 1241 1
19 1241 1
20 1241 1
33 1241 1
45 1242 1
76 1242 1
23 1242 1
24 1243 1
21 1244 1
0 1245 1
11 1245 1
9 1245 1
19 1245 1
25 1245 1
1 1245 1
3 1245 1
35 1245 1
17 1246 1
9 1247 1
39 1248 1
11 1249 1
4 1249 1
3 1249 1
11 1250 1
29 1250 1
39 1250 1
4 1250 1
7 1250 1
12 1250 1
3 1250 1
11 1251 1
44 1252 1
9 1253 1
7 1254 1
43 1254 1
21 1254 1
7 1255 1
9 1256 1
19 1256 1
11 1257 1
7 1257 1
3 1257 1
11 1258 1
43 1258 1
18 1258 1
33 1258 1
9 1259 1
11 1260 1
4 1260 1
43 1260 1
12 1260 1
2 1260 1
46 1260 1
23 1260 1
62 1260 1
56 1260 1
24 1261 1
11 1262 1
45 1262 1
9 1262 1
43 1262 1
25 1262 1
10 1262 1
74 1262 1
3 1262 1
0 1263 1
11 1263 1
43 1263 1
17 1263 1
24 1264 1
59 1264 1
46 1264 1
3 1264 1
19 1265 1
12 1265 1
17 1265 1
27 1265 1
3 1265 1
76 1266 1
9 1267 1
40 1268 1
59 1269 1
1 1269 1
21 1269 1
46 1270 1
27 1270 1
17 1271 1
19 1272 1
12 1272 1
46 1272 1
61 1272 1
3 1272 1
21 1273 1
19 1274 1
11 1275 1
29 1275 1
4 1275 1
57 1275 1
9 1275 1
19 1275 1
7 1275 1
59 1275 1
20 1275 1
36 1275 1
18 1275 1
25 1275 1
12 1275 1
1 1275 1
14 1275 1
21 1275 1
62 1275 1
33 1275 1
13 1275 1
56 1275 1
11 1276 1
9 1276 1
33 1276 1
11 1277 1
9 1277 1
43 1277 1
18 1277 1
3 1277 1
24 1278 1
11 1278 1
39 1278 1
76 1279 1
19 1279 1
44 1279 1
24 1280 1
24 1281 1
11 1281 1
19 1281 1
18 1281 1
5 1281 1
65 1282 1
4 1282 1
3 1282 1
43 1283 1
28 1284 1
63 1285 1
3 1286 1
11 1287 1
9 1287 1
14 1288 1
3 1288 1
24 1289 1
11 1289 1
4 1289 1
7 1289 1
18 1289 1
11 1290 1
9 1290 1
19 1290 1
18 1290 1
3 1290 1
21 1290 1
33 1290 1
13 1290 1
9 1291 1
59 1292 1
29 1293 1
9 1293 1
11 1294 1
9 1294 1
59 1295 1
21 1295 1
9 1296 1
40 1296 1
48 1296 1
11 1297 1
9 1297 1
12 1297 1
1 1297 1
11 1298 1
46 1298 1
17 1298 1
13 1299 1
28 1300 1
28 1301 1
9 1302 1
59 1302 1
0 1303 1
24 1303 1
11 1303 1
43 1303 1
12 1303 1
2 1303 1
10 1303 1
62 1303 1
11 1304 1
24 1305 1
9 1305 1
19 1305 1
18 1305 1
25 1305 1
46 1305 1
89 1305 1
61 1305 1
3 1305 1
42 1305 1
62 1305 1
33 1305 1
9 1306 1
13 1307 1
11 1308 1
9 1308 1
12 1308 1
33 1308 1
31 1309 1
79 1309 1
46 1309 1
89 1309 1
3 1309 1
11 1310 1
9 1311 1
42 1311 1
33 1311 1
21 1312 1
11 1313 1
31 1313 1
25 1313 1
1 1313 1
2 1313 1
21 1313 1
23 1313 1
57 1314 1
7 1314 1
59 1314 1
55 1315 1
50 1316 1
47 1317 1
43 1318 1
17 1319 1
11 1320 1
11 1321 1
40 1322 1
9 1323 1
19 1323 1
12 1323 1
7 1324 1
7 1325 1
41 1326 1
11 1327 1
16 1327 1
19 1327 1
43 1327 1
1 1327 1
13 1327 1
7 1328 1
24 1329 1
18 1329 1
6 1329 1
46 1329 1
3 1329 1
35 1329 1
56 1329 1
9 1330 1
11 1331 1
29 1331 1
9 1331 1
43 1331 1
12 1331 1
5 1331 1
9 1332 1
11 1333 1
45 1334 1
2 1335 1
51 1335 1
8 1335 1
42 1335 1
0 1336 1
11 1336 1
29 1336 1
102 1336 1
39 1336 1
4 1336 1
34 1336 1
57 1336 1
9 1336 1
103 1336 1
68 1336 1
19 1336 1
53 1336 1
43 1336 1
44 1336 1
48 1336 1
79 1336 1
18 1336 1
49 1336 1
12 1336 1
1 1336 1
2 1336 1
46 1336 1
47 1336 1
77 1336 1
61 1336 1
64 1336 1
3 1336 1
42 1336 1
33 1336 1
13 1336 1
11 1337 1
95 1337 1
19 1337 1
24 1338 1
11 1338 1
4 1338 1
16 1338 1
9 1338 1
68 1338 1
19 1338 1
43 1338 1
48 1338 1
49 1338 1
1 1338 1
17 1338 1
3 1338 1
13 1338 1
7 1339 1
43 1339 1
11 1340 1
9 1340 1
59 1340 1
43 1340 1
18 1340 1
12 1340 1
3 1340 1
33 1340 1
9 1341 1
23 1341 1
4 1342 1
34 1342 1
9 1342 1
11 1343 1
6 1343 1
29 1344 1
19 1344 1
0 1345 1
24 1345 1
72 1345 1
11 1345 1
4 1345 1
16 1345 1
31 1345 1
9 1345 1
19 1345 1
7 1345 1
32 1345 1
18 1345 1
6 1345 1
1 1345 1
46 1345 1
5 1345 1
47 1345 1
10 1345 1
3 1345 1
21 1345 1
23 1345 1
13 1345 1
24 1346 1
11 1346 1
29 1346 1
9 1346 1
43 1346 1
48 1346 1
18 1346 1
46 1346 1
3 1346 1
13 1346 1
9 1347 1
10 1347 1
3 1347 1
59 1348 1
7 1349 1
11 1350 1
19 1350 1
43 1350 1
18 1350 1
33 1350 1
13 1350 1
9 1351 1
39 1352 1
0 1353 1
11 1353 1
34 1353 1
57 1353 1
9 1353 1
7 1353 1
32 1353 1
43 1353 1
87 1353 1
25 1353 1
1 1353 1
2 1353 1
27 1353 1
74 1353 1
24 1354 1
11 1354 1
9 1354 1
21 1354 1
28 1355 1
3 1355 1
11 1356 1
39 1356 1
19 1356 1
21 1356 1
7 1357 1
43 1358 1
11 1359 1
0 1360 1
2 1360 1
4 1361 1
12 1361 1
11 1362 1
43 1362 1
1 1362 1
11 1363 1
4 1363 1
16 1363 1
12 1363 1
46 1363 1
10 1363 1
23 1363 1
11 1364 1
24 1365 1
47 1365 1
3 1365 1
11 1366 1
9 1366 1
13 1367 1
7 1368 1
11 1369 1
12 1369 1
46 1370 1
59 1371 1
9 1372 1
28 1372 1
9 1373 1
0 1374 1
9 1375 1
11 1376 1
9 1376 1
11 1377 1
1 1378 1
27 1378 1
9 1379 1
14 1380 1
9 1381 1
21 1381 1
41 1381 1
29 1382 1
19 1383 1
3 1383 1
4 1384 1
9 1384 1
19 1384 1
7 1384 1
18 1384 1
1 1384 1
56 1384 1
26 1384 1
45 1385 1
84 1385 1
104 1385 1
9 1385 1
54 1385 1
82 1385 1
49 1385 1
6 1385 1
2 1385 1
46 1385 1
80 1385 1
8 1385 1
64 1385 1
33 1385 1
56 1385 1
78 1385 1
11 1386 1
85 1386 1
34 1386 1
19 1386 1
8 1386 1
83 1386 1
62 1386 1
19 1387 1
31 1388 1
7 1388 1
20 1388 1
7 1389 1
10 1389 1
51 1389 1
11 1390 1
16 1390 1
40 1390 1
59 1390 1
18 1391 1
18 1392 1
23 1392 1
11 1393 1
9 1394 1
24 1395 1
1 1395 1
33 1396 1
24 1397 1
11 1397 1
4 1397 1
34 1397 1
16 1397 1
9 1397 1
19 1397 1
7 1397 1
32 1397 1
36 1397 1
55 1397 1
18 1397 1
1 1397 1
47 1397 1
17 1397 1
3 1397 1
24 1398 1
11 1398 1
9 1398 1
1 1398 1
24 1399 1
76 1399 1
46 1399 1
89 1399 1
88 1399 1
11 1400 1
11 1401 1
9 1401 1
68 1401 1
7 1401 1
18 1401 1
6 1401 1
1 1401 1
21 1401 1
23 1401 1
32 1402 1
27 1403 1
9 1404 1
46 1404 1
27 1405 1
0 1406 1
11 1406 1
39 1406 1
15 1406 1
9 1406 1
19 1406 1
43 1406 1
1 1406 1
2 1406 1
3 1406 1
0 1407 1
11 1407 1
22 1407 1
84 1407 1
39 1407 1
19 1407 1
59 1407 1
70 1407 1
1 1407 1
2 1407 1
93 1407 1
26 1407 1
11 1408 1
36 1408 1
55 1408 1
28 1408 1
11 1409 1
29 1409 1
32 1409 1
43 1409 1
2 1409 1
3 1409 1
49 1410 1
31 1411 1
52 1411 1
17 1411 1
3 1412 1
16 1413 1
9 1413 1
25 1414 1
51 1414 1
41 1414 1
0 1415 1
24 1415 1
11 1415 1
4 1415 1
34 1415 1
9 1415 1
7 1415 1
36 1415 1
55 1415 1
18 1415 1
1 1415 1
47 1415 1
3 1415 1
9 1416 1
46 1417 1
3 1417 1
56 1417 1
68 1418 1
68 1419 1
50 1420 1
11 1420 1
29 1420 1
9 1420 1
43 1420 1
18 1420 1
12 1420 1
3 1420 1
35 1420 1
83 1420 1
23 1420 1
62 1420 1
0 1421 1
11 1421 1
29 1421 1
2 1421 1
3 1421 1
11 1422 1
29 1422 1
43 1422 1
27 1422 1
3 1422 1
24 1423 1
11 1424 1
28 1425 1
47 1425 1
11 1426 1
29 1427 1
76 1428 1
11 1429 1
24 1430 1
59 1430 1
25 1430 1
59 1431 1
17 1432 1
11 1433 1
24 1434 1
37 1435 1
1 1435 1
9 1436 1
1 1436 1
9 1437 1
19 1438 1
11 1439 1
4 1439 1
34 1439 1
19 1439 1
12 1439 1
3 1439 1
95 1440 1
16 1441 1
24 1442 1
59 1443 1
31 1444 1
28 1444 1
1 1444 1
17 1444 1
21 1445 1
24 1446 1
11 1446 1
4 1446 1
19 1446 1
7 1446 1
43 1446 1
48 1446 1
18 1446 1
3 1446 1
24 1447 1
11 1447 1
4 1447 1
37 1447 1
52 1447 1
9 1447 1
32 1447 1
18 1447 1
49 1447 1
12 1447 1
1 1447 1
10 1447 1
3 1447 1
21 1447 1
59 1448 1
18 1449 1
11 1450 1
33 1450 1
11 1451 1
3 1452 1
27 1453 1
59 1454 1
59 1455 1
70 1455 1
18 1455 1
1 1455 1
27 1455 1
0 1456 1
24 1456 1
4 1456 1
37 1456 1
9 1456 1
18 1456 1
17 1456 1
12 1457 1
3 1457 1
11 1458 1
34 1458 1
37 1458 1
9 1458 1
7 1458 1
59 1458 1
18 1458 1
1 1458 1
21 1458 1
25 1459 1
31 1460 1
7 1460 1
43 1460 1
21 1460 1
76 1461 1
20 1461 1
57 1462 1
59 1463 1
3 1464 1
9 1465 1
24 1466 1
9 1466 1
24 1467 1
11 1468 1
34 1468 1
9 1468 1
59 1468 1
70 1468 1
36 1468 1
55 1468 1
79 1468 1
18 1468 1
12 1468 1
1 1468 1
17 1468 1
14 1468 1
3 1468 1
21 1468 1
42 1469 1
17 1470 1
21 1470 1
33 1470 1
11 1471 1
31 1472 1
9 1472 1
43 1472 1
18 1472 1
28 1472 1
12 1472 1
1 1472 1
17 1472 1
27 1472 1
3 1472 1
11 1473 1
9 1473 1
43 1473 1
18 1473 1
28 1473 1
27 1473 1
26 1473 1
50 1474 1
18 1474 1
33 1474 1
9 1475 1
24 1476 1
11 1477 1
11 1478 1
9 1478 1
43 1478 1
33 1478 1
0 1479 1
11 1479 1
4 1479 1
34 1479 1
9 1479 1
43 1479 1
44 1479 1
48 1479 1
79 1479 1
18 1479 1
1 1479 1
2 1479 1
46 1479 1
3 1479 1
42 1479 1
33 1479 1
13 1479 1
56 1479 1
59 1480 1
59 1481 1
39 1482 1
9 1482 1
21 1482 1
33 1482 1
19 1483 1
59 1483 1
7 1484 1
9 1485 1
3 1485 1
11 1486 1
4 1486 1
9 1486 1
12 1487 1
33 1487 1
11 1488 1
24 1489 1
11 1489 1
34 1489 1
57 1489 1
9 1489 1
43 1489 1
55 1489 1
18 1489 1
1 1489 1
17 1489 1
10 1489 1
3 1489 1
11 1490 1
9 1491 1
11 1492 1
29 1493 1
41 1493 1
24 1494 1
7 1494 1
59 1494 1
3 1494 1
12 1495 1
9 1496 1
11 1497 1
39 1498 1
19 1498 1
11 1499 1
9 1500 1
24 1501 1
29 1501 1
7 1501 1
25 1501 1
12 1501 1
3 1501 1
21 1501 1
11 1502 1
51 1502 1
21 1502 1
33 1502 1
11 1503 1
29 1504 1
9 1504 1
51 1504 1
11 1505 1
11 1506 1
9 1506 1
6 1506 1
3 1506 1
11 1507 1
29 1507 1
24 1508 1
9 1508 1
19 1508 1
18 1508 1
33 1508 1
11 1509 1
11 1510 1
29 1510 1
39 1510 1
16 1510 1
9 1510 1
19 1510 1
7 1510 1
43 1510 1
1 1510 1
3 1510 1
56 1510 1
45 1511 1
9 1511 1
44 1511 1
25 1511 1
28 1511 1
12 1511 1
3 1511 1
83 1511 1
59 1512 1
76 1513 1
46 1513 1
11 1514 1
11 1515 1
29 1515 1
9 1515 1
43 1515 1
1 1515 1
46 1515 1
3 1515 1
24 1516 1
11 1516 1
29 1516 1
4 1516 1
31 1516 1
9 1516 1
19 1516 1
43 1516 1
36 1516 1
55 1516 1
18 1516 1
62 1516 1
12 1517 1
11 1518 1
65 1519 1
19 1519 1
52 1520 1
0 1521 1
50 1521 1
24 1521 1
4 1521 1
16 1521 1
37 1521 1
31 1521 1
9 1521 1
68 1521 1
19 1521 1
32 1521 1
18 1521 1
12 1521 1
1 1521 1
46 1521 1
10 1521 1
71 1521 1
3 1521 1
33 1521 1
24 1522 1
19 1522 1
11 1523 1
52 1523 1
1 1524 1
4 1525 1
9 1525 1
1 1525 1
46 1525 1
0 1526 1
24 1526 1
29 1526 1
45 1526 1
4 1526 1
16 1526 1
9 1526 1
68 1526 1
7 1526 1
1 1526 1
3 1526 1
23 1526 1
62 1526 1
33 1526 1
9 1527 1
0 1528 1
24 1528 1
11 1528 1
15 1528 1
36 1528 1
18 1528 1
25 1528 1
1 1528 1
2 1528 1
10 1528 1
3 1528 1
11 1529 1
27 1529 1
24 1530 1
34 1531 1
57 1532 1
19 1532 1
59 1532 1
70 1532 1
1 1532 1
8 1532 1
3 1532 1
41 1532 1
56 1532 1
88 1532 1
19 1533 1
17 1533 1
3 1533 1
11 1534 1
29 1534 1
12 1534 1
17 1534 1
19 1535 1
11 1536 1
79 1536 1
9 1537 1
1 1537 1
3 1537 1
9 1538 1
25 1539 1
7 1540 1
10 1541 1
4 1542 1
3 1542 1
24 1543 1
17 1543 1
59 1544 1
9 1545 1
24 1546 1
39 1546 1
12 1546 1
11 1547 1
59 1547 1
1 1547 1
23 1548 1
24 1549 1
11 1549 1
29 1549 1
16 1549 1
9 1549 1
68 1549 1
6 1549 1
12 1549 1
5 1549 1
17 1549 1
11 1550 1
39 1550 1
4 1550 1
16 1550 1
9 1550 1
7 1550 1
32 1550 1
43 1550 1
36 1550 1
18 1550 1
6 1550 1
12 1550 1
14 1550 1
3 1550 1
21 1550 1
62 1550 1
11 1551 1
45 1551 1
4 1551 1
18 1551 1
5 1551 1
47 1551 1
3 1551 1
13 1551 1
11 1552 1
51 1552 1
23 1552 1
65 1553 1
11 1553 1
12 1553 1
3 1553 1
65 1554 1
19 1554 1
1 1554 1
2 1554 1
3 1555 1
40 1556 1
25 1556 1
51 1556 1
41 1556 1
11 1557 1
29 1557 1
54 1557 1
25 1557 1
12 1557 1
59 1558 1
11 1559 1
1 1559 1
11 1560 1
9 1561 1
42 1561 1
59 1562 1
9 1563 1
13 1563 1
46 1564 1
11 1565 1
7 1565 1
82 1565 1
17 1565 1
3 1565 1
23 1565 1
11 1566 1
9 1567 1
9 1568 1
59 1569 1
25 1570 1
24 1571 1
11 1571 1
34 1571 1
9 1571 1
68 1571 1
7 1571 1
18 1571 1
12 1571 1
2 1571 1
27 1571 1
51 1571 1
76 1572 1
18 1572 1
6 1572 1
11 1573 1
31 1574 1
1 1574 1
11 1575 1
8 1576 1
24 1577 1
11 1578 1
51 1579 1
9 1580 1
59 1580 1
21 1580 1
24 1581 1
28 1582 1
3 1582 1
21 1582 1
41 1583 1
19 1584 1
9 1585 1
11 1586 1
12 1586 1
45 1587 1
39 1587 1
4 1587 1
9 1587 1
19 1587 1
59 1587 1
8 1587 1
33 1587 1
21 1588 1
11 1589 1
17 1589 1
21 1589 1
55 1590 1
27 1590 1
3 1590 1
10 1591 1
11 1592 1
39 1592 1
9 1592 1
12 1592 1
73 1593 1
26 1593 1
29 1594 1
59 1594 1
6 1594 1
47 1594 1
24 1595 1
11 1595 1
28 1596 1
11 1597 1
9 1597 1
1 1597 1
3 1597 1
21 1597 1
3 1598 1
24 1599 1
7 1599 1
12 1600 1
1 1601 1
3 1602 1
9 1603 1
7 1603 1
8 1603 1
24 1604 1
32 1604 1
66 1604 1
62 1604 1
1 1605 1
62 1605 1
33 1605 1
56 1605 1
11 1606 1
52 1606 1
24 1607 1
9 1608 1
3 1608 1
21 1608 1
11 1609 1
29 1609 1
16 1609 1
9 1609 1
43 1609 1
12 1609 1
23 1609 1
78 1609 1
9 1610 1
18 1611 1
34 1612 1
59 1612 1
1 1612 1
3 1612 1
24 1613 1
11 1614 1
52 1614 1
9 1614 1
18 1614 1
17 1614 1
3 1614 1
13 1614 1
9 1615 1
59 1615 1
18 1615 1
1 1615 1
9 1616 1
39 1617 1
28 1617 1
24 1618 1
25 1618 1
17 1618 1
24 1619 1
31 1619 1
9 1619 1
68 1619 1
18 1619 1
6 1619 1
46 1619 1
47 1619 1
10 1619 1
23 1619 1
24 1620 1
11 1620 1
25 1620 1
11 1621 1
24 1622 1
11 1623 1
12 1624 1
11 1625 1
9 1625 1
9 1626 1
3 1626 1
9 1627 1
29 1628 1
36 1628 1
7 1629 1
11 1630 1
11 1631 1
9 1632 1
27 1632 1
9 1633 1
59 1633 1
3 1633 1
11 1634 1
11 1635 1
4 1635 1
16 1635 1
9 1635 1
46 1635 1
27 1635 1
10 1635 1
3 1635 1
33 1635 1
31 1636 1
11 1637 1
9 1638 1
19 1638 1
18 1638 1
1 1638 1
2 1638 1
3 1638 1
21 1638 1
11 1639 1
9 1639 1
1 1639 1
17 1639 1
9 1640 1
59 1640 1
6 1640 1
17 1640 1
21 1640 1
11 1641 1
18 1641 1
46 1641 1
3 1641 1
45 1642 1
24 1643 1
76 1643 1
59 1643 1
1 1643 1
27 1643 1
10 1643 1
35 1643 1
41 1643 1
18 1644 1
23 1644 1
7 1645 1
0 1646 1
9 1646 1
43 1646 1
12 1646 1
52 1646 1
59 1646 1
58 1646 1
65 1647 1
11 1648 1
12 1649 1
30 1650 1
9 1651 1
11 1652 1
7 1652 1
49 1653 1
12 1653 1
9 1654 1
43 1654 1
11 1655 1
11 1656 1
9 1657 1
11 1658 1
9 1658 1
46 1658 1
11 1659 1
18 1659 1
29 1659 1
19 1659 1
41 1659 1
24 1660 1
11 1660 1
19 1660 1
54 1660 1
9 1661 1
33 1661 1
11 1662 1
16 1662 1
36 1662 1
23 1662 1
11 1663 1
11 1664 1
79 1664 1
56 1664 1
19 1664 1
3 1664 1
23 1664 1
24 1665 1
19 1666 1
11 1667 1
11 1668 1
43 1668 1
17 1668 1
7 1668 1
59 1668 1
11 1669 1
31 1669 1
9 1669 1
59 1669 1
41 1669 1
43 1670 1
11 1671 1
32 1671 1
43 1671 1
12 1671 1
29 1671 1
59 1671 1
11 1672 1
1 1672 1
7 1672 1
14 1672 1
21 1672 1
0 1673 1
50 1673 1
24 1673 1
11 1673 1
39 1673 1
16 1673 1
9 1673 1
32 1673 1
43 1673 1
44 1673 1
18 1673 1
49 1673 1
25 1673 1
12 1673 1
10 1673 1
42 1673 1
62 1673 1
65 1673 1
29 1673 1
4 1673 1
40 1673 1
7 1673 1
59 1673 1
20 1673 1
6 1673 1
46 1673 1
27 1673 1
8 1673 1
3 1673 1
41 1673 1
33 1673 1
13 1673 1
3 1674 1
11 1675 1
11 1676 1
59 1676 1
11 1677 1
2 1678 1
65 1678 1
29 1678 1
3 1678 1
11 1679 1
9 1679 1
18 1679 1
12 1679 1
1 1679 1
17 1679 1
57 1679 1
59 1679 1
55 1679 1
46 1679 1
3 1679 1
23 1679 1
13 1679 1
9 1680 1
18 1680 1
28 1680 1
3 1680 1
11 1681 1
31 1681 1
36 1681 1
55 1681 1
58 1682 1
9 1683 1
22 1684 1
1 1684 1
17 1684 1
10 1685 1
3 1686 1
9 1687 1
2 1688 1
1 1689 1
11 1690 1
68 1690 1
1 1690 1
17 1690 1
29 1690 1
52 1690 1
7 1690 1
36 1690 1
55 1690 1
3 1690 1
23 1690 1
11 1691 1
1 1692 1
36 1693 1
3 1693 1
24 1694 1
11 1695 1
95 1695 1
68 1695 1
43 1695 1
1 1695 1
2 1695 1
17 1695 1
78 1695 1
52 1695 1
59 1695 1
70 1695 1
36 1695 1
55 1695 1
3 1695 1
82 1696 1
34 1697 1
9 1697 1
32 1697 1
56 1697 1
3 1697 1
39 1698 1
43 1698 1
1 1699 1
13 1699 1
11 1700 1
32 1700 1
3 1700 1
28 1701 1
24 1702 1
11 1702 1
43 1702 1
10 1702 1
3 1702 1
41 1702 1
11 1703 1
49 1703 1
11 1704 1
7 1705 1
9 1706 1
0 1707 1
24 1707 1
11 1707 1
9 1707 1
68 1707 1
32 1707 1
18 1707 1
49 1707 1
12 1707 1
10 1707 1
4 1707 1
46 1707 1
47 1707 1
3 1707 1
21 1707 1
33 1707 1
13 1707 1
23 1708 1
21 1709 1
9 1710 1
19 1710 1
24 1711 1
9 1712 1
11 1713 1
43 1713 1
29 1713 1
19 1713 1
59 1713 1
36 1713 1
46 1713 1
3 1713 1
9 1714 1
11 1715 1
9 1715 1
18 1715 1
73 1716 1
19 1716 1
23 1716 1
10 1717 1
41 1718 1
1 1719 1
21 1719 1
11 1720 1
12 1720 1
29 1720 1
11 1721 1
11 1722 1
59 1723 1
9 1724 1
57 1724 1
24 1725 1
11 1726 1
52 1726 1
59 1726 1
11 1727 1
52 1727 1
3 1727 1
11 1728 1
29 1728 1
11 1729 1
9 1729 1
1 1729 1
3 1729 1
24 1730 1
46 1730 1
59 1731 1
0 1732 1
11 1732 1
34 1732 1
43 1732 1
12 1732 1
1 1732 1
2 1732 1
10 1732 1
29 1732 1
19 1732 1
3 1732 1
33 1732 1
13 1732 1
11 1733 1
9 1733 1
68 1733 1
32 1733 1
18 1733 1
59 1733 1
36 1733 1
55 1733 1
3 1733 1
21 1733 1
23 1733 1
1 1734 1
10 1734 1
7 1734 1
24 1735 1
11 1735 1
1 1736 1
11 1737 1
43 1737 1
29 1737 1
88 1738 1
59 1738 1
9 1739 1
19 1739 1
20 1739 1
11 1740 1
9 1740 1
32 1740 1
48 1740 1
19 1740 1
55 1740 1
21 1740 1
41 1740 1
33 1740 1
24 1741 1
11 1741 1
29 1741 1
4 1741 1
20 1741 1
21 1741 1
11 1742 1
9 1742 1
12 1742 1
4 1742 1
3 1742 1
11 1743 1
9 1743 1
43 1743 1
12 1743 1
4 1743 1
59 1743 1
1 1744 1
7 1744 1
11 1745 1
2 1745 1
7 1745 1
51 1746 1
41 1746 1
24 1747 1
3 1747 1
7 1748 1
9 1749 1
3 1750 1
59 1751 1
11 1752 1
12 1752 1
17 1752 1
19 1752 1
59 1752 1
36 1752 1
3 1752 1
11 1753 1
31 1753 1
68 1753 1
18 1753 1
12 1753 1
1 1753 1
10 1753 1
29 1753 1
7 1753 1
20 1753 1
46 1753 1
3 1753 1
41 1753 1
23 1753 1
46 1754 1
3 1755 1
13 1755 1
95 1756 1
26 1757 1
18 1758 1
6 1758 1
9 1759 1
28 1760 1
51 1761 1
21 1761 1
24 1762 1
9 1762 1
49 1762 1
12 1762 1
46 1762 1
3 1762 1
11 1763 1
12 1764 1
11 1765 1
22 1765 1
76 1765 1
43 1765 1
48 1765 1
65 1765 1
89 1765 1
83 1766 1
32 1767 1
12 1767 1
46 1767 1
33 1767 1
0 1768 1
24 1768 1
11 1768 1
12 1768 1
1 1768 1
17 1768 1
10 1768 1
57 1768 1
52 1768 1
54 1768 1
7 1768 1
46 1768 1
5 1768 1
27 1768 1
3 1768 1
23 1768 1
68 1769 1
21 1770 1
9 1771 1
4 1771 1
47 1771 1
3 1771 1
41 1771 1
22 1772 1
41 1773 1
43 1774 1
18 1774 1
1 1774 1
51 1774 1
4 1774 1
19 1774 1
3 1774 1
21 1774 1
11 1775 1
11 1776 1
16 1776 1
18 1776 1
3 1776 1
11 1777 1
43 1777 1
14 1777 1
11 1778 1
43 1778 1
17 1778 1
29 1778 1
3 1778 1
21 1779 1
19 1780 1
59 1781 1
9 1782 1
23 1782 1
9 1783 1
18 1783 1
1 1783 1
19 1783 1
20 1783 1
29 1784 1
21 1784 1
23 1785 1
48 1786 1
24 1787 1
9 1787 1
12 1787 1
11 1788 1
11 1789 1
19 1790 1
33 1791 1
24 1792 1
11 1793 1
25 1793 1
12 1793 1
29 1793 1
45 1793 1
12 1794 1
12 1795 1
47 1796 1
11 1797 1
9 1797 1
43 1797 1
2 1797 1
47 1797 1
3 1797 1
13 1797 1
9 1798 1
11 1799 1
12 1800 1
45 1800 1
47 1800 1
23 1800 1
11 1801 1
7 1802 1
19 1803 1
11 1804 1
16 1804 1
9 1804 1
19 1804 1
7 1804 1
13 1804 1
11 1805 1
18 1805 1
3 1805 1
21 1805 1
17 1806 1
29 1806 1
43 1807 1
18 1807 1
19 1807 1
3 1807 1
0 1808 1
11 1808 1
34 1808 1
1 1808 1
2 1808 1
17 1808 1
21 1809 1
11 1810 1
24 1811 1
9 1811 1
45 1811 1
7 1811 1
3 1811 1
23 1811 1
50 1812 1
24 1812 1
11 1812 1
39 1812 1
31 1812 1
9 1812 1
68 1812 1
76 1812 1
53 1812 1
32 1812 1
43 1812 1
18 1812 1
49 1812 1
28 1812 1
12 1812 1
1 1812 1
10 1812 1
35 1812 1
99 1812 1
29 1812 1
4 1812 1
59 1812 1
70 1812 1
55 1812 1
5 1812 1
47 1812 1
27 1812 1
61 1812 1
64 1812 1
3 1812 1
21 1812 1
33 1812 1
13 1812 1
0 1813 1
24 1813 1
34 1813 1
31 1813 1
9 1813 1
68 1813 1
32 1813 1
18 1813 1
49 1813 1
60 1813 1
1 1813 1
2 1813 1
42 1813 1
56 1813 1
75 1813 1
45 1813 1
4 1813 1
57 1813 1
103 1813 1
19 1813 1
54 1813 1
20 1813 1
47 1813 1
80 1813 1
8 1813 1
105 1813 1
3 1813 1
41 1813 1
66 1813 1
13 1813 1
9 1814 1
47 1814 1
24 1815 1
18 1815 1
10 1815 1
47 1815 1
14 1815 1
3 1815 1
21 1815 1
19 1816 1
18 1817 1
11 1818 1
31 1818 1
9 1818 1
18 1818 1
1 1818 1
17 1818 1
88 1818 1
59 1818 1
46 1818 1
3 1818 1
23 1818 1
9 1819 1
11 1820 1
59 1821 1
11 1822 1
9 1822 1
43 1822 1
19 1822 1
7 1822 1
11 1823 1
9 1823 1
55 1823 1
32 1824 1
29 1824 1
33 1825 1
24 1826 1
1 1826 1
19 1826 1
11 1827 1
16 1827 1
17 1827 1
4 1827 1
7 1827 1
9 1828 1
25 1828 1
12 1828 1
24 1829 1
11 1829 1
9 1829 1
32 1829 1
48 1829 1
18 1829 1
28 1829 1
12 1829 1
1 1829 1
4 1829 1
57 1829 1
3 1829 1
33 1829 1
39 1830 1
9 1830 1
43 1830 1
2 1830 1
10 1830 1
4 1830 1
21 1830 1
0 1831 1
11 1831 1
39 1831 1
16 1831 1
28 1831 1
74 1831 1
29 1831 1
54 1831 1
46 1831 1
47 1831 1
64 1831 1
3 1831 1
9 1832 1
12 1832 1
3 1832 1
43 1833 1
11 1834 1
0 1835 1
39 1835 1
16 1835 1
31 1835 1
9 1835 1
48 1835 1
18 1835 1
1 1835 1
2 1835 1
65 1835 1
15 1835 1
57 1835 1
19 1835 1
7 1835 1
47 1835 1
3 1835 1
21 1835 1
46 1836 1
24 1837 1
9 1837 1
3 1837 1
33 1837 1
24 1838 1
9 1839 1
39 1840 1
31 1840 1
23 1840 1
0 1841 1
11 1841 1
9 1841 1
1 1841 1
3 1841 1
9 1842 1
18 1842 1
3 1842 1
11 1843 1
11 1844 1
16 1844 1
79 1844 1
42 1844 1
29 1844 1
3 1844 1
83 1844 1
23 1844 1
11 1845 1
43 1845 1
12 1845 1
10 1845 1
29 1845 1
36 1845 1
18 1846 1
7 1847 1
9 1848 1
14 1849 1
21 1849 1
3 1850 1
19 1851 1
12 1852 1
3 1853 1
11 1854 1
10 1854 1
0 1855 1
24 1855 1
11 1855 1
39 1855 1
85 1855 1
16 1855 1
31 1855 1
9 1855 1
68 1855 1
32 1855 1
25 1855 1
12 1855 1
1 1855 1
10 1855 1
29 1855 1
45 1855 1
4 1855 1
15 1855 1
57 1855 1
19 1855 1
46 1855 1
5 1855 1
47 1855 1
61 1855 1
3 1855 1
33 1855 1
11 1856 1
39 1856 1
9 1856 1
42 1856 1
3 1856 1
11 1857 1
12 1857 1
24 1858 1
39 1858 1
42 1858 1
19 1859 1
56 1860 1
9 1861 1
0 1862 1
11 1862 1
106 1862 1
34 1862 1
9 1862 1
53 1862 1
43 1862 1
44 1862 1
18 1862 1
49 1862 1
12 1862 1
1 1862 1
2 1862 1
42 1862 1
62 1862 1
45 1862 1
4 1862 1
103 1862 1
46 1862 1
5 1862 1
8 1862 1
61 1862 1
3 1862 1
13 1862 1
0 1863 1
2 1863 1
9 1864 1
11 1865 1
19 1865 1
41 1866 1
3 1867 1
9 1868 1
11 1869 1
12 1869 1
39 1870 1
9 1870 1
29 1870 1
46 1870 1
11 1871 1
43 1871 1
19 1871 1
9 1872 1
53 1872 1
18 1872 1
28 1872 1
29 1872 1
21 1872 1
9 1873 1
19 1873 1
11 1874 1
2 1874 1
3 1874 1
9 1875 1
24 1876 1
11 1876 1
42 1876 1
11 1877 1
11 1878 1
32 1878 1
29 1878 1
4 1878 1
19 1878 1
7 1878 1
11 1879 1
11 1880 1
11 1881 1
43 1882 1
11 1883 1
65 1884 1
33 1884 1
24 1885 1
24 1886 1
12 1887 1
3 1887 1
11 1888 1
0 1889 1
2 1889 1
42 1889 1
29 1889 1
24 1890 1
43 1890 1
49 1890 1
14 1890 1
3 1890 1
24 1891 1
9 1891 1
2 1892 1
24 1893 1
19 1893 1
8 1894 1
0 1895 1
11 1895 1
34 1895 1
29 1895 1
19 1895 1
7 1895 1
3 1895 1
33 1895 1
24 1896 1
11 1896 1
34 1896 1
32 1896 1
20 1896 1
3 1897 1
24 1898 1
42 1898 1
45 1898 1
3 1898 1
33 1898 1
19 1899 1
11 1900 1
19 1901 1
11 1902 1
52 1902 1
11 1903 1
34 1903 1
23 1903 1
11 1904 1
11 1905 1
43 1905 1
29 1905 1
3 1905 1
11 1906 1
34 1907 1
24 1908 1
11 1908 1
9 1908 1
42 1908 1
65 1908 1
3 1908 1
23 1908 1
13 1908 1
11 1909 1
43 1909 1
20 1909 1
24 1910 1
76 1911 1
18 1911 1
12 1911 1
15 1911 1
54 1911 1
58 1911 1
33 1911 1
11 1912 1
9 1912 1
59 1913 1
43 1914 1
59 1914 1
3 1914 1
24 1915 1
11 1915 1
0 1916 1
3 1916 1
33 1916 1
16 1917 1
10 1917 1
11 1918 1
23 1918 1
11 1919 1
12 1919 1
7 1919 1
21 1919 1
0 1920 1
11 1921 1
1 1921 1
19 1922 1
0 1923 1
11 1923 1
34 1923 1
9 1923 1
12 1923 1
1 1923 1
29 1923 1
57 1923 1
7 1923 1
8 1924 1
43 1925 1
18 1925 1
56 1925 1
52 1925 1
46 1925 1
23 1925 1
24 1926 1
11 1926 1
106 1926 1
9 1926 1
10 1926 1
46 1926 1
27 1926 1
3 1926 1
9 1927 1
0 1928 1
24 1928 1
9 1928 1
3 1928 1
21 1928 1
33 1928 1
1 1929 1
43 1930 1
19 1930 1
59 1930 1
3 1930 1
33 1930 1
3 1931 1
9 1932 1
11 1933 1
18 1933 1
3 1933 1
11 1934 1
48 1934 1
12 1934 1
59 1934 1
21 1934 1
24 1935 1
11 1935 1
9 1935 1
76 1935 1
43 1935 1
18 1935 1
12 1935 1
19 1935 1
7 1935 1
14 1935 1
23 1935 1
13 1935 1
11 1936 1
34 1936 1
76 1936 1
32 1936 1
43 1936 1
29 1936 1
45 1936 1
4 1936 1
7 1936 1
47 1936 1
27 1936 1
3 1936 1
33 1936 1
24 1937 1
9 1938 1
11 1939 1
1 1940 1
19 1940 1
59 1940 1
70 1940 1
21 1940 1
11 1941 1
9 1941 1
3 1941 1
23 1941 1
33 1941 1
0 1942 1
11 1942 1
9 1942 1
32 1942 1
12 1942 1
29 1942 1
84 1942 1
4 1942 1
57 1942 1
47 1942 1
11 1943 1
9 1944 1
32 1944 1
44 1944 1
28 1944 1
12 1944 1
1 1944 1
10 1944 1
42 1944 1
56 1944 1
84 1944 1
4 1944 1
19 1944 1
3 1944 1
23 1944 1
33 1944 1
9 1945 1
32 1945 1
4 1945 1
19 1945 1
3 1945 1
11 1946 1
34 1946 1
9 1946 1
43 1946 1
2 1946 1
29 1946 1
19 1946 1
36 1946 1
55 1946 1
3 1946 1
91 1947 1
11 1948 1
43 1948 1
17 1948 1
29 1948 1
3 1948 1
11 1949 1
9 1949 1
1 1949 1
9 1950 1
11 1951 1
39 1951 1
9 1951 1
43 1951 1
18 1951 1
12 1951 1
1 1951 1
42 1951 1
19 1951 1
3 1951 1
9 1952 1
18 1952 1
9 1953 1
0 1954 1
11 1954 1
16 1954 1
12 1954 1
10 1954 1
29 1954 1
4 1954 1
3 1954 1
33 1954 1
24 1955 1
29 1955 1
3 1955 1
34 1956 1
19 1956 1
3 1956 1
48 1957 1
17 1957 1
21 1957 1
9 1958 1
9 1959 1
4 1959 1
3 1959 1
19 1960 1
11 1961 1
16 1961 1
12 1961 1
17 1961 1
59 1961 1
23 1961 1
9 1962 1
59 1962 1
59 1963 1
0 1964 1
9 1964 1
3 1964 1
11 1965 1
18 1965 1
55 1965 1
3 1965 1
51 1966 1
59 1967 1
11 1968 1
8 1969 1
43 1970 1
12 1970 1
24 1971 1
11 1971 1
39 1971 1
16 1971 1
37 1971 1
31 1971 1
43 1971 1
18 1971 1
49 1971 1
12 1971 1
1 1971 1
2 1971 1
10 1971 1
56 1971 1
78 1971 1
29 1971 1
4 1971 1
57 1971 1
19 1971 1
20 1971 1
46 1971 1
3 1971 1
21 1971 1
33 1971 1
13 1971 1
24 1972 1
11 1972 1
39 1972 1
11 1973 1
11 1974 1
39 1974 1
9 1974 1
32 1974 1
43 1974 1
18 1974 1
28 1974 1
12 1974 1
1 1974 1
42 1974 1
29 1974 1
4 1974 1
52 1974 1
19 1974 1
59 1974 1
3 1974 1
33 1974 1
11 1975 1
24 1976 1
43 1976 1
18 1976 1
17 1976 1
10 1976 1
51 1976 1
29 1976 1
47 1976 1
15 1977 1
24 1978 1
9 1978 1
0 1979 1
11 1979 1
39 1979 1
43 1979 1
1 1979 1
2 1979 1
45 1979 1
19 1979 1
54 1979 1
21 1979 1
33 1980 1
11 1981 1
9 1981 1
37 1982 1
59 1982 1
24 1983 1
11 1983 1
3 1983 1
0 1984 1
24 1984 1
11 1984 1
34 1984 1
16 1984 1
9 1984 1
76 1984 1
43 1984 1
18 1984 1
1 1984 1
2 1984 1
17 1984 1
4 1984 1
7 1984 1
47 1984 1
3 1984 1
50 1985 1
31 1985 1
68 1985 1
76 1985 1
43 1985 1
35 1985 1
62 1985 1
56 1985 1
7 1985 1
6 1985 1
47 1985 1
3 1985 1
11 1986 1
22 1986 1
9 1986 1
42 1986 1
46 1986 1
33 1986 1
13 1986 1
24 1987 1
11 1987 1
9 1987 1
43 1987 1
18 1987 1
5 1987 1
80 1987 1
33 1987 1
13 1987 1
21 1988 1
59 1989 1
0 1990 1
24 1990 1
11 1990 1
16 1990 1
44 1990 1
48 1990 1
10 1990 1
29 1990 1
4 1990 1
7 1990 1
3 1990 1
11 1991 1
11 1992 1
9 1992 1
43 1992 1
3 1992 1
43 1993 1
45 1993 1
23 1993 1
24 1994 1
43 1994 1
12 1994 1
3 1994 1
9 1995 1
47 1995 1
18 1996 1
24 1997 1
11 1997 1
9 1997 1
28 1997 1
12 1997 1
10 1997 1
51 1997 1
29 1997 1
4 1997 1
3 1997 1
23 1997 1
41 1998 1
107 1999 1
11 2000 1
23 2000 1
11 2001 1
23 2001 1
0 2002 1
1 2002 1
62 2002 1
29 2002 1
4 2002 1
3 2002 1
33 2002 1
65 2003 1
17 2004 1
29 2004 1
0 2005 1
79 2005 1
2 2005 1
21 2005 1
3 2006 1
102 2007 1
4 2007 1
11 2008 1
11 2009 1
11 2010 1
9 2010 1
81 2010 1
24 2011 1
11 2011 1
17 2011 1
9 2012 1
11 2013 1
11 2014 1
12 2014 1
11 2015 1
4 2015 1
12 2016 1
19 2016 1
24 2017 1
11 2018 1
9 2019 1
69 2020 1
0 2021 1
24 2021 1
16 2021 1
9 2021 1
18 2021 1
35 2021 1
56 2021 1
4 2021 1
7 2021 1
46 2021 1
23 2021 1
9 2022 1
107 2022 1
11 2023 1
9 2023 1
11 2024 1
18 2024 1
39 2025 1
59 2026 1
24 2027 1
11 2027 1
28 2027 1
1 2027 1
26 2027 1
7 2027 1
11 2028 1
33 2028 1
9 2029 1
51 2030 1
11 2031 1
18 2031 1
9 2032 1
10 2032 1
3 2032 1
9 2033 1
59 2033 1
70 2033 1
11 2034 1
9 2034 1
12 2034 1
29 2034 1
6 2034 1
46 2034 1
5 2034 1
47 2034 1
3 2034 1
23 2034 1
11 2035 1
39 2035 1
29 2035 1
45 2035 1
24 2036 1
43 2037 1
7 2037 1
59 2038 1
89 2039 1
24 2040 1
49 2040 1
19 2040 1
0 2041 1
24 2041 1
11 2041 1
9 2041 1
43 2041 1
10 2041 1
4 2041 1
47 2041 1
11 2042 1
9 2042 1
43 2042 1
12 2042 1
33 2042 1
24 2043 1
24 2044 1
24 2045 1
11 2045 1
9 2045 1
53 2045 1
19 2045 1
46 2045 1
3 2045 1
13 2045 1
59 2046 1
24 2047 1
11 2047 1
9 2047 1
11 2048 1
16 2048 1
9 2048 1
43 2048 1
48 2048 1
18 2048 1
51 2048 1
19 2048 1
47 2048 1
13 2048 1
18 2049 1
24 2050 1
11 2050 1
76 2050 1
25 2050 1
39 2051 1
17 2052 1
0 2053 1
11 2053 1
31 2053 1
46 2053 1
18 2054 1
45 2054 1
19 2054 1
11 2055 1
0 2056 1
54 2056 1
58 2056 1
12 2057 1
17 2057 1
29 2057 1
59 2058 1
9 2059 1
1 2059 1
21 2059 1
16 2060 1
52 2060 1
10 2061 1
0 2062 1
32 2062 1
43 2062 1
18 2062 1
25 2062 1
12 2062 1
2 2062 1
29 2062 1
4 2062 1
7 2062 1
87 2062 1
83 2062 1
33 2062 1
24 2063 1
18 2064 1
9 2065 1
2 2066 1
0 2067 1
24 2067 1
11 2067 1
39 2067 1
9 2067 1
76 2067 1
43 2067 1
18 2067 1
12 2067 1
1 2067 1
10 2067 1
42 2067 1
62 2067 1
4 2067 1
19 2067 1
36 2067 1
55 2067 1
14 2067 1
3 2067 1
23 2067 1
33 2067 1
13 2067 1
20 2068 1
37 2069 1
34 2070 1
18 2070 1
23 2070 1
59 2071 1
24 2072 1
47 2073 1
11 2074 1
32 2074 1
43 2074 1
12 2074 1
45 2074 1
4 2074 1
3 2074 1
21 2074 1
24 2075 1
11 2076 1
16 2076 1
76 2076 1
43 2076 1
12 2076 1
10 2076 1
4 2076 1
19 2076 1
7 2076 1
55 2076 1
47 2076 1
105 2076 1
3 2076 1
23 2076 1
33 2076 1
13 2076 1
29 2077 1
11 2078 1
9 2078 1
43 2078 1
3 2078 1
33 2078 1
23 2079 1
11 2080 1
23 2080 1
18 2081 1
1 2081 1
21 2081 1
0 2082 1
11 2083 1
12 2083 1
42 2083 1
54 2083 1
47 2083 1
21 2083 1
24 2084 1
9 2084 1
68 2084 1
18 2084 1
56 2084 1
4 2084 1
57 2084 1
19 2084 1
46 2084 1
3 2084 1
17 2085 1
36 2085 1
37 2086 1
45 2086 1
47 2086 1
8 2086 1
33 2086 1
9 2087 1
19 2087 1
33 2087 1
12 2088 1
20 2088 1
24 2089 1
59 2089 1
21 2090 1
9 2091 1
24 2092 1
11 2092 1
9 2092 1
1 2092 1
35 2092 1
27 2092 1
14 2092 1
13 2092 1
11 2093 1
43 2093 1
29 2093 1
11 2094 1
9 2094 1
43 2094 1
18 2094 1
49 2094 1
12 2094 1
1 2094 1
2 2094 1
4 2094 1
7 2094 1
3 2094 1
23 2094 1
13 2094 1
9 2095 1
12 2095 1
7 2095 1
33 2095 1
17 2096 1
51 2097 1
7 2098 1
0 2099 1
24 2099 1
34 2099 1
9 2099 1
25 2099 1
12 2099 1
2 2099 1
51 2099 1
19 2099 1
7 2099 1
3 2099 1
33 2099 1
59 2100 1
24 2101 1
11 2101 1
16 2101 1
68 2101 1
10 2101 1
26 2101 1
47 2101 1
3 2101 1
3 2102 1
51 2103 1
35 2103 1
24 2104 1
21 2105 1
24 2106 1
11 2107 1
7 2107 1
9 2108 1
59 2108 1
9 2109 1
59 2110 1
24 2111 1
29 2111 1
24 2112 1
18 2112 1
3 2112 1
36 2113 1
55 2113 1
0 2114 1
11 2114 1
34 2114 1
16 2114 1
31 2114 1
9 2114 1
18 2114 1
1 2114 1
2 2114 1
17 2114 1
65 2114 1
4 2114 1
3 2114 1
21 2114 1
13 2114 1
12 2115 1
43 2116 1
12 2116 1
103 2116 1
11 2117 1
9 2117 1
43 2117 1
19 2117 1
43 2118 1
19 2118 1
13 2118 1
85 2119 1
13 2119 1
12 2120 1
59 2120 1
0 2121 1
24 2121 1
11 2121 1
43 2121 1
2 2121 1
29 2121 1
46 2121 1
11 2122 1
68 2122 1
43 2122 1
12 2122 1
56 2122 1
4 2122 1
3 2122 1
3 2123 1
11 2124 1
18 2124 1
11 2125 1
9 2125 1
1 2125 1
17 2125 1
0 2126 1
9 2126 1
19 2126 1
83 2126 1
2 2127 1
59 2127 1
24 2128 1
25 2128 1
33 2128 1
0 2129 1
34 2129 1
9 2129 1
32 2129 1
44 2129 1
1 2129 1
2 2129 1
42 2129 1
56 2129 1
3 2129 1
21 2129 1
13 2129 1
18 2130 1
63 2130 1
11 2131 1
24 2132 1
9 2132 1
20 2132 1
22 2133 1
9 2133 1
18 2133 1
49 2133 1
12 2133 1
29 2133 1
15 2133 1
59 2133 1
70 2133 1
36 2133 1
55 2133 1
9 2134 1
43 2135 1
12 2135 1
36 2135 1
3 2135 1
34 2136 1
32 2136 1
1 2136 1
29 2136 1
4 2136 1
7 2136 1
21 2136 1
23 2136 1
33 2136 1
24 2137 1
43 2137 1
18 2137 1
25 2137 1
42 2137 1
19 2137 1
11 2138 1
19 2138 1
3 2138 1
21 2138 1
11 2139 1
12 2139 1
29 2139 1
17 2140 1
9 2141 1
18 2141 1
20 2141 1
0 2142 1
1 2142 1
7 2142 1
9 2143 1
21 2143 1
24 2144 1
11 2144 1
9 2144 1
68 2144 1
25 2144 1
1 2144 1
46 2144 1
3 2144 1
24 2145 1
0 2146 1
9 2147 1
19 2147 1
8 2147 1
11 2148 1
7 2148 1
24 2149 1
19 2150 1
11 2151 1
9 2151 1
12 2151 1
9 2152 1
19 2152 1
0 2153 1
17 2153 1
19 2153 1
13 2154 1
11 2155 1
34 2155 1
16 2155 1
9 2155 1
68 2155 1
43 2155 1
18 2155 1
12 2155 1
1 2155 1
2 2155 1
51 2155 1
19 2155 1
36 2155 1
3 2155 1
13 2155 1
7 2156 1
24 2157 1
27 2158 1
24 2159 1
9 2159 1
18 2159 1
29 2159 1
8 2159 1
23 2159 1
33 2159 1
9 2160 1
1 2160 1
107 2160 1
24 2161 1
11 2161 1
32 2161 1
1 2161 1
17 2161 1
7 2161 1
20 2161 1
23 2161 1
9 2162 1
48 2162 1
18 2162 1
19 2162 1
3 2162 1
24 2163 1
11 2163 1
39 2163 1
31 2163 1
9 2163 1
68 2163 1
43 2163 1
18 2163 1
28 2163 1
12 2163 1
1 2163 1
73 2163 1
51 2163 1
29 2163 1
4 2163 1
57 2163 1
19 2163 1
54 2163 1
7 2163 1
36 2163 1
3 2163 1
13 2163 1
107 2164 1
43 2165 1
12 2165 1
22 2166 1
32 2167 1
20 2167 1
11 2168 1
11 2169 1
11 2170 1
32 2170 1
21 2170 1
0 2171 1
11 2171 1
43 2171 1
12 2171 1
1 2171 1
2 2171 1
108 2171 1
42 2171 1
29 2171 1
11 2172 1
9 2172 1
43 2172 1
18 2172 1
29 2172 1
47 2172 1
3 2172 1
15 2173 1
22 2174 1
39 2174 1
16 2174 1
9 2174 1
68 2174 1
44 2174 1
18 2174 1
2 2174 1
4 2174 1
15 2174 1
19 2174 1
46 2174 1
47 2174 1
71 2174 1
58 2174 1
3 2174 1
21 2174 1
23 2174 1
33 2174 1
13 2174 1
24 2175 1
11 2175 1
9 2175 1
44 2175 1
48 2175 1
12 2175 1
17 2175 1
42 2175 1
29 2175 1
47 2175 1
13 2175 1
34 2176 1
9 2177 1
0 2178 1
3 2178 1
0 2179 1
11 2179 1
12 2179 1
1 2179 1
2 2179 1
29 2179 1
45 2179 1
4 2179 1
70 2179 1
20 2179 1
3 2179 1
33 2179 1
59 2180 1
7 2181 1
24 2182 1
59 2182 1
10 2183 1
9 2184 1
2 2184 1
19 2184 1
39 2185 1
9 2185 1
32 2185 1
18 2185 1
12 2185 1
29 2185 1
57 2185 1
47 2185 1
3 2185 1
4 2186 1
3 2187 1
83 2188 1
11 2189 1
12 2189 1
4 2189 1
59 2189 1
3 2189 1
33 2189 1
46 2190 1
27 2190 1
3 2190 1
27 2191 1
16 2192 1
11 2193 1
16 2193 1
9 2193 1
18 2193 1
49 2193 1
12 2193 1
29 2193 1
45 2193 1
4 2193 1
46 2193 1
21 2193 1
23 2193 1
13 2193 1
15 2194 1
42 2195 1
46 2196 1
27 2197 1
11 2198 1
9 2199 1
11 2200 1
16 2200 1
43 2200 1
17 2200 1
45 2200 1
52 2200 1
3 2200 1
11 2201 1
24 2202 1
19 2202 1
11 2203 1
35 2204 1
29 2204 1
11 2205 1
9 2205 1
18 2205 1
2 2205 1
3 2205 1
33 2205 1
2 2206 1
11 2207 1
22 2207 1
34 2207 1
43 2207 1
44 2207 1
18 2207 1
12 2207 1
17 2207 1
62 2207 1
4 2207 1
7 2207 1
46 2207 1
5 2207 1
47 2207 1
61 2207 1
3 2207 1
23 2207 1
33 2207 1
13 2207 1
11 2208 1
43 2208 1
51 2208 1
11 2209 1
9 2209 1
43 2209 1
3 2209 1
13 2209 1
3 2210 1
9 2211 1
43 2211 1
18 2211 1
12 2211 1
56 2211 1
4 2212 1
20 2212 1
23 2213 1
24 2214 1
11 2214 1
9 2214 1
12 2214 1
42 2214 1
54 2214 1
3 2214 1
11 2215 1
9 2216 1
9 2217 1
27 2217 1
23 2217 1
24 2218 1
11 2218 1
25 2218 1
10 2218 1
4 2218 1
7 2218 1
3 2218 1
33 2218 1
18 2219 1
3 2219 1
2 2220 1
78 2220 1
88 2220 1
21 2220 1
13 2220 1
1 2221 1
9 2222 1
43 2222 1
54 2223 1
11 2224 1
34 2224 1
68 2224 1
43 2224 1
12 2224 1
1 2224 1
2 2224 1
51 2224 1
29 2224 1
3 2224 1
21 2224 1
33 2224 1
11 2225 1
9 2226 1
43 2227 1
11 2228 1
9 2228 1
43 2229 1
29 2229 1
6 2229 1
37 2230 1
29 2230 1
9 2231 1
9 2232 1
28 2232 1
7 2232 1
27 2232 1
11 2233 1
5 2233 1
0 2234 1
24 2234 1
17 2234 1
20 2234 1
47 2234 1
21 2234 1
46 2235 1
21 2235 1
12 2236 1
35 2236 1
19 2236 1
23 2237 1
1 2238 1
59 2239 1
70 2239 1
21 2239 1
22 2240 1
19 2241 1
24 2242 1
8 2242 1
11 2243 1
22 2243 1
31 2243 1
9 2243 1
32 2243 1
43 2243 1
25 2243 1
28 2243 1
12 2243 1
1 2243 1
17 2243 1
10 2243 1
42 2243 1
29 2243 1
45 2243 1
4 2243 1
7 2243 1
20 2243 1
46 2243 1
27 2243 1
3 2243 1
23 2243 1
33 2243 1
24 2244 1
11 2244 1
16 2244 1
20 2244 1
21 2244 1
9 2245 1
11 2246 1
18 2246 1
19 2246 1
43 2247 1
7 2247 1
45 2248 1
9 2249 1
43 2250 1
0 2251 1
9 2251 1
43 2251 1
18 2251 1
1 2251 1
17 2251 1
21 2251 1
0 2252 1
50 2252 1
39 2252 1
37 2252 1
31 2252 1
9 2252 1
68 2252 1
32 2252 1
48 2252 1
18 2252 1
1 2252 1
2 2252 1
35 2252 1
99 2252 1
45 2252 1
57 2252 1
19 2252 1
20 2252 1
46 2252 1
5 2252 1
8 2252 1
33 2252 1
19 2253 1
9 2254 1
33 2254 1
0 2255 1
9 2255 1
1 2255 1
3 2255 1
11 2256 1
9 2256 1
12 2256 1
2 2256 1
17 2256 1
42 2256 1
84 2256 1
8 2256 1
23 2257 1
11 2258 1
0 2259 1
24 2259 1
11 2259 1
95 2259 1
34 2259 1
16 2259 1
31 2259 1
9 2259 1
68 2259 1
43 2259 1
44 2259 1
12 2259 1
1 2259 1
10 2259 1
42 2259 1
4 2259 1
19 2259 1
7 2259 1
55 2259 1
64 2259 1
3 2259 1
21 2259 1
83 2259 1
23 2259 1
13 2259 1
54 2260 1
59 2261 1
24 2262 1
12 2262 1
17 2262 1
29 2262 1
70 2262 1
17 2263 1
3 2263 1
11 2264 1
9 2264 1
9 2265 1
9 2266 1
47 2266 1
3 2267 1
17 2268 1
21 2268 1
11 2269 1
9 2270 1
18 2270 1
7 2271 1
24 2272 1
11 2272 1
34 2272 1
9 2272 1
32 2272 1
18 2272 1
12 2272 1
10 2272 1
19 2272 1
7 2272 1
3 2272 1
21 2272 1
41 2272 1
13 2272 1
22 2273 1
37 2273 1
43 2273 1
17 2273 1
13 2273 1
14 2274 1
21 2274 1
43 2275 1
35 2275 1
23 2276 1
18 2277 1
3 2277 1
9 2278 1
11 2279 1
9 2279 1
43 2279 1
29 2279 1
4 2279 1
7 2279 1
21 2279 1
13 2279 1
11 2280 1
12 2280 1
17 2280 1
69 2280 1
11 2281 1
29 2281 1
52 2281 1
12 2282 1
10 2282 1
9 2283 1
32 2283 1
18 2283 1
4 2283 1
19 2284 1
7 2285 1
24 2286 1
32 2286 1
10 2286 1
54 2286 1
27 2286 1
13 2286 1
11 2287 1
10 2287 1
9 2288 1
12 2288 1
29 2288 1
52 2288 1
21 2288 1
23 2288 1
19 2289 1
13 2290 1
33 2291 1
11 2292 1
9 2293 1
18 2293 1
10 2293 1
19 2293 1
21 2293 1
19 2294 1
21 2294 1
43 2295 1
7 2295 1
83 2295 1
4 2296 1
2 2297 1
15 2297 1
8 2298 1
9 2299 1
43 2299 1
17 2299 1
84 2299 1
19 2299 1
3 2299 1
9 2300 1
19 2301 1
0 2302 1
31 2302 1
36 2302 1
46 2302 1
47 2302 1
0 2303 1
24 2303 1
18 2303 1
1 2303 1
4 2303 1
7 2303 1
36 2303 1
55 2303 1
47 2303 1
23 2303 1
33 2303 1
13 2303 1
17 2304 1
29 2304 1
11 2305 1
9 2305 1
18 2305 1
12 2305 1
17 2305 1
8 2305 1
13 2305 1
9 2306 1
0 2307 1
11 2307 1
39 2307 1
68 2307 1
43 2307 1
44 2307 1
12 2307 1
52 2307 1
54 2307 1
7 2307 1
3 2307 1
33 2307 1
13 2307 1
9 2308 1
43 2308 1
11 2309 1
3 2309 1
21 2310 1
9 2311 1
21 2312 1
11 2313 1
25 2314 1
9 2315 1
22 2316 1
0 2317 1
24 2317 1
11 2317 1
16 2317 1
37 2317 1
9 2317 1
32 2317 1
18 2317 1
25 2317 1
17 2317 1
74 2317 1
109 2317 1
40 2317 1
7 2317 1
46 2317 1
47 2317 1
27 2317 1
3 2317 1
21 2317 1
41 2317 1
43 2318 1
19 2318 1
13 2318 1
11 2319 1
14 2319 1
34 2320 1
42 2320 1
65 2320 1
19 2320 1
3 2320 1
33 2320 1
11 2321 1
108 2321 1
3 2321 1
9 2322 1
43 2322 1
18 2322 1
11 2323 1
43 2323 1
12 2323 1
3 2324 1
33 2325 1
9 2326 1
22 2327 1
9 2327 1
0 2328 1
11 2328 1
16 2328 1
31 2328 1
62 2328 1
54 2328 1
6 2328 1
64 2328 1
3 2328 1
9 2329 1
9 2330 1
18 2330 1
7 2330 1
0 2331 1
9 2331 1
2 2331 1
9 2332 1
51 2332 1
9 2333 1
9 2334 1
9 2335 1
21 2335 1
31 2336 1
11 2337 1
46 2337 1
14 2337 1
39 2338 1
21 2338 1
18 2339 1
65 2339 1
10 2340 1
7 2340 1
27 2340 1
11 2341 1
37 2341 1
9 2341 1
48 2341 1
18 2341 1
12 2341 1
29 2341 1
45 2341 1
33 2341 1
42 2342 1
9 2343 1
43 2343 1
18 2343 1
29 2343 1
21 2343 1
11 2344 1
45 2345 1
21 2346 1
9 2347 1
9 2348 1
3 2348 1
9 2349 1
11 2350 1
16 2350 1
43 2350 1
2 2350 1
29 2350 1
15 2350 1
57 2350 1
19 2350 1
7 2350 1
47 2350 1
21 2350 1
11 2351 1
9 2352 1
32 2352 1
43 2352 1
12 2352 1
10 2352 1
65 2352 1
45 2352 1
4 2352 1
3 2352 1
33 2352 1
